x y z m s sqe
0 -0 9.97 33 9 3671
0 -0 9.97 33 9 3672
0 -0 9.97 33 9 3673
0 -0 9.97 33 9 3674
0 -0 9.97 33 9 3675
0.01 -0 9.97 33 9 3676
0.01 -0 9.97 33 9 3677
0.01 -0 9.97 33 9 3678
0.01 -0 9.97 33 9 3679
0.01 -0 9.97 33 9 3680
0.01 -0 9.97 33 9 3681
0.01 -0 9.97 33 9 3682
0.01 -0 9.97 33 9 3683
0 -0.01 9.97 33 9 3684
0 -0.01 9.97 33 9 3685
0 -0.01 9.97 33 9 3686
0 -0.01 9.97 33 9 3687
0 -0.01 9.97 33 9 3688
0 -0.01 9.97 33 9 3689
0 -0.01 9.97 33 9 3690
0 -0.01 9.97 33 9 3691
0 -0.01 9.97 33 9 3692
0 -0.01 9.97 33 9 3693
-0 -0.01 9.97 33 9 3694
-0 -0.01 9.97 33 9 3695
-0 -0.01 9.97 33 9 3696
-0 -0.01 9.97 33 10 3697
-0 -0.01 9.97 33 10 3698
-0 -0.01 9.97 33 10 3699
-0 -0.01 9.97 33 10 3700
-0.01 -0.01 9.97 33 10 3701
-0.01 -0.01 9.96 33 10 3702
-0.01 -0.01 9.96 33 10 3703
-0.01 -0.01 9.96 33 10 3704
-0.01 -0.01 9.96 33 10 3705
-0.01 -0.01 9.96 33 10 3706
-0.01 -0.01 9.96 33 10 3707
-0.02 -0 9.96 33 10 3708
-0.02 -0 9.96 33 10 3709
-0.02 -0 9.97 33 10 3710
-0.02 -0 9.97 33 10 3711
-0.02 -0 9.97 33 10 3712
-0.02 -0 9.97 33 10 3713
-0.02 -0 9.97 33 10 3714
-0.02 -0 9.97 33 10 3715
-0.03 -0 9.97 33 10 3716
-0.03 -0 9.97 33 10 3717
-0.03 -0 9.97 33 10 3718
-0.03 -0 9.97 33 10 3719
-0.03 -0 9.97 33 10 3720
-0.03 -0 9.97 33 10 3721
-0.03 -0 9.97 33 10 3722
-0.03 -0 9.97 33 10 3723
-0.03 -0 9.97 33 10 3724
-0.03 -0 9.97 33 10 3725
-0.03 -0 9.97 33 10 3726
-0.03 0 9.97 33 11 3727
-0.03 0 9.97 33 11 3728
-0.03 0 9.97 33 11 3729
-0.03 0 9.97 33 11 3730
-0.03 0 9.97 33 11 3731
-0.04 0 9.97 33 11 3732
-0.04 0 9.97 33 11 3733
-0.04 0 9.97 33 11 3734
-0.04 0 9.97 33 11 3735
-0.04 0 9.97 33 11 3736
-0.04 0 9.97 33 11 3737
-0.04 0 9.97 33 11 3738
-0.03 0 9.97 33 11 3739
-0.03 0 9.97 33 11 3740
-0.03 0 9.97 33 11 3741
-0.03 0 9.97 33 11 3742
-0.03 0 9.97 33 11 3743
-0.03 0 9.97 33 11 3744
-0.03 0 9.97 33 11 3745
-0.03 0 9.97 33 11 3746
-0.03 0 9.97 33 11 3747
-0.03 0.01 9.97 33 11 3748
-0.03 0.01 9.97 33 11 3749
-0.02 0.01 9.97 33 11 3750
-0.02 0.01 9.97 33 11 3751
-0.02 0.01 9.97 33 11 3752
-0.02 0.01 9.97 33 11 3753
-0.02 0 9.97 33 11 3754
-0.02 0 9.97 33 11 3755
-0.02 0.01 9.97 33 11 3756
-0.01 0.01 9.97 33 12 3757
-0.01 0.01 9.97 33 12 3758
-0.01 0.01 9.97 33 12 3759
-0.01 0.01 9.97 33 12 3760
-0.01 0.01 9.97 33 12 3761
-0.01 0.01 9.97 33 12 3762
-0.01 0.01 9.97 33 12 3763
-0 0.01 9.96 33 12 3764
-0 0.01 9.96 33 12 3765
-0 0.01 9.96 33 12 3766
-0 0.01 9.96 33 12 3767
-0 0.01 9.96 33 12 3768
0 0.01 9.96 33 12 3769
0 0.01 9.96 33 12 3770
0 0.01 9.96 33 12 3771
0 0.01 9.96 33 12 3772
0 0.01 9.96 33 12 3773
0 0.01 9.96 33 12 3774
0 0.01 9.96 33 12 3775
0 0.01 9.96 33 12 3776
0 0.01 9.96 33 12 3777
0 0.01 9.96 33 12 3778
0 0.01 9.96 33 12 3779
0 0.01 9.96 33 12 3780
0 0.01 9.97 33 12 3781
0 0.01 9.97 33 12 3782
0 0.01 9.97 33 12 3783
0 0.01 9.97 33 12 3784
0 0.01 9.97 33 12 3785
0 0.01 9.97 33 12 3786
-0 0.01 9.97 33 13 3787
-0 0.01 9.97 33 13 3788
-0 0.01 9.97 33 13 3789
-0 0.01 9.97 33 13 3790
-0 0.01 9.97 33 13 3791
-0 0.01 9.97 33 13 3792
-0 0.01 9.97 33 13 3793
-0 0.01 9.98 33 13 3794
-0 0.01 9.98 33 13 3795
-0.01 0.01 9.98 33 13 3796
-0.01 0.01 9.98 33 13 3797
-0.01 0.01 9.98 33 13 3798
-0.01 0.01 9.97 33 13 3799
-0.01 0.01 9.97 33 13 3800
-0.01 0.01 9.97 33 13 3801
-0.01 0.01 9.97 33 13 3802
-0.01 0.01 9.97 33 13 3803
-0.01 0.01 9.97 33 13 3804
-0.01 0.01 9.97 33 13 3805
-0.01 0.01 9.97 33 13 3806
-0.01 0.01 9.97 33 13 3807
-0.01 0.01 9.97 33 13 3808
-0.01 0.01 9.97 33 13 3809
-0.01 0.01 9.97 33 13 3810
-0.01 0.01 9.97 33 13 3811
-0.01 0.01 9.97 33 13 3812
-0.01 0.01 9.97 33 13 3813
-0.01 0.01 9.97 33 13 3814
-0.01 0.01 9.97 33 13 3815
-0.01 0.01 9.97 33 13 3816
-0.01 0.01 9.97 33 14 3817
-0.01 0.01 9.97 33 14 3818
-0.01 0.01 9.97 33 14 3819
-0.01 0.01 9.97 33 14 3820
-0.01 0.01 9.97 33 14 3821
-0.01 0.01 9.97 33 14 3822
-0.01 0.01 9.97 33 14 3823
-0.01 0.01 9.97 33 14 3824
-0.01 0.01 9.97 33 14 3825
-0.01 0.01 9.97 33 14 3826
-0.01 0.01 9.97 33 14 3827
-0.01 0.01 9.97 33 14 3828
-0.01 0.01 9.97 33 14 3829
-0 0.01 9.97 33 14 3830
-0 0.01 9.96 33 14 3831
0 0.01 9.96 33 14 3832
0.01 0.01 9.96 33 14 3833
0.01 0.01 9.96 33 14 3834
0.01 0.01 9.96 33 14 3835
0.02 0.01 9.96 33 14 3836
0.02 0.01 9.96 33 14 3837
0.03 0.01 9.96 33 14 3838
0.04 0.01 9.96 33 14 3839
0.05 0.01 9.96 33 14 3840
0.05 0.01 9.96 33 14 3841
0.06 0.01 9.96 33 14 3842
0.07 0.01 9.96 33 14 3843
0.08 0.01 9.96 33 14 3844
0.09 0.01 9.96 33 14 3845
0.1 0.01 9.96 33 14 3846
0.11 0.02 9.96 33 15 3847
0.12 0.02 9.96 33 15 3848
0.13 0.02 9.96 33 15 3849
0.14 0.02 9.96 33 15 3850
0.16 0.02 9.96 33 15 3851
0.17 0.02 9.96 33 15 3852
0.18 0.02 9.96 33 15 3853
0.19 0.02 9.96 33 15 3854
0.2 0.02 9.96 33 15 3855
0.21 0.02 9.96 33 15 3856
0.22 0.02 9.96 33 15 3857
0.23 0.02 9.96 33 15 3858
0.25 0.02 9.96 33 15 3859
0.26 0.02 9.96 33 15 3860
0.27 0.02 9.96 33 15 3861
0.28 0.02 9.96 33 15 3862
0.29 0.02 9.96 33 15 3863
0.3 0.02 9.96 33 15 3864
0.31 0.02 9.96 33 15 3865
0.32 0.01 9.96 33 15 3866
0.33 0.01 9.96 33 15 3867
0.34 0.01 9.96 33 15 3868
0.35 0.01 9.96 33 15 3869
0.36 0.01 9.96 33 15 3870
0.37 0.01 9.96 33 15 3871
0.38 0.02 9.96 33 15 3872
0.39 0.02 9.96 33 15 3873
0.39 0.02 9.96 33 15 3874
0.4 0.02 9.96 33 15 3875
0.41 0.02 9.96 33 15 3876
0.42 0.02 9.96 33 16 3877
0.42 0.01 9.96 33 16 3878
0.43 0.01 9.96 33 16 3879
0.43 0.01 9.96 33 16 3880
0.44 0.01 9.96 33 16 3881
0.45 0.01 9.96 33 16 3882
0.45 0.01 9.96 33 16 3883
0.46 0.01 9.96 33 16 3884
0.47 0.01 9.96 33 16 3885
0.47 0.01 9.96 33 16 3886
0.48 0.01 9.96 33 16 3887
0.48 0.01 9.96 33 16 3888
0.48 0.01 9.96 33 16 3889
0.49 0.01 9.96 33 16 3890
0.49 0.01 9.96 33 16 3891
0.49 0.01 9.96 33 16 3892
0.5 0.01 9.96 33 16 3893
0.5 0.01 9.96 33 16 3894
0.5 0.01 9.96 33 16 3895
0.51 0 9.96 33 16 3896
0.51 0 9.96 33 16 3897
0.51 0 9.96 33 16 3898
0.51 -0 9.96 33 16 3899
0.52 -0 9.96 33 16 3900
0.52 -0 9.97 33 16 3901
0.52 -0.01 9.97 33 16 3902
0.52 -0.01 9.97 33 16 3903
0.52 -0.01 9.97 33 16 3904
0.53 -0.01 9.97 33 16 3905
0.53 -0.01 9.97 33 16 3906
0.53 -0.02 9.97 33 17 3907
0.54 -0.02 9.97 33 17 3908
0.54 -0.02 9.97 33 17 3909
0.54 -0.02 9.97 33 17 3910
0.55 -0.02 9.97 33 17 3911
0.55 -0.02 9.97 33 17 3912
0.55 -0.03 9.97 33 17 3913
0.55 -0.03 9.97 33 17 3914
0.56 -0.03 9.97 33 17 3915
0.56 -0.03 9.97 33 17 3916
0.57 -0.03 9.97 33 17 3917
0.57 -0.03 9.97 33 17 3918
0.57 -0.03 9.97 33 17 3919
0.58 -0.03 9.97 33 17 3920
0.58 -0.03 9.97 33 17 3921
0.59 -0.03 9.97 33 17 3922
0.59 -0.03 9.98 33 17 3923
0.6 -0.03 9.98 33 17 3924
0.6 -0.03 9.98 33 17 3925
0.61 -0.04 9.98 33 17 3926
0.61 -0.04 9.98 33 17 3927
0.62 -0.04 9.98 33 17 3928
0.63 -0.04 9.98 33 17 3929
0.63 -0.04 9.98 33 17 3930
0.64 -0.04 9.98 33 17 3931
0.65 -0.04 9.98 33 17 3932
0.66 -0.04 9.98 33 17 3933
0.67 -0.04 9.98 33 17 3934
0.68 -0.04 9.98 33 17 3935
0.68 -0.04 9.98 33 17 3936
0.69 -0.04 9.98 33 18 3937
0.7 -0.04 9.99 33 18 3938
0.71 -0.04 9.99 33 18 3939
0.72 -0.04 9.99 33 18 3940
0.73 -0.04 9.99 33 18 3941
0.74 -0.04 9.99 33 18 3942
0.75 -0.04 9.99 33 18 3943
0.76 -0.04 9.99 33 18 3944
0.77 -0.04 9.99 33 18 3945
0.78 -0.04 9.99 33 18 3946
0.79 -0.04 9.99 33 18 3947
0.8 -0.04 9.99 33 18 3948
0.81 -0.04 9.99 33 18 3949
0.82 -0.04 9.99 33 18 3950
0.83 -0.04 9.99 33 18 3951
0.84 -0.04 9.99 33 18 3952
0.85 -0.04 9.99 33 18 3953
0.87 -0.04 9.99 33 18 3954
0.88 -0.03 9.99 33 18 3955
0.89 -0.03 10 33 18 3956
0.9 -0.03 10 33 18 3957
0.91 -0.03 10 33 18 3958
0.92 -0.03 10 33 18 3959
0.94 -0.03 10 33 18 3960
0.95 -0.03 10 33 18 3961
0.96 -0.03 10 33 18 3962
0.97 -0.03 10 33 18 3963
0.99 -0.03 10 33 18 3964
1 -0.03 10 33 18 3965
1.01 -0.03 10 33 18 3966
1.02 -0.03 10 33 19 3967
1.04 -0.03 10 33 19 3968
1.05 -0.03 10 33 19 3969
1.06 -0.03 10 33 19 3970
1.07 -0.03 10 33 19 3971
1.09 -0.03 10 33 19 3972
1.1 -0.03 10 33 19 3973
1.11 -0.03 10 33 19 3974
1.13 -0.03 10 33 19 3975
1.14 -0.03 10 33 19 3976
1.15 -0.03 10 33 19 3977
1.16 -0.03 10 33 19 3978
1.18 -0.03 10 33 19 3979
1.19 -0.03 10 33 19 3980
1.2 -0.03 10 33 19 3981
1.21 -0.03 10 33 19 3982
1.23 -0.04 10 33 19 3983
1.24 -0.04 10 33 19 3984
1.26 -0.04 10 33 19 3985
1.27 -0.04 10 33 19 3986
1.29 -0.04 10 33 19 3987
1.3 -0.04 10 33 19 3988
1.32 -0.04 10 33 19 3989
1.33 -0.04 10 33 19 3990
1.34 -0.04 10 33 19 3991
1.36 -0.04 10 33 19 3992
1.37 -0.05 10 33 19 3993
1.39 -0.05 10 33 19 3994
1.4 -0.05 10 33 19 3995
1.42 -0.05 10 33 19 3996
1.43 -0.05 10 33 20 3997
1.45 -0.05 10 33 20 3998
1.46 -0.05 10 33 20 3999
1.48 -0.05 10 33 20 4000
1.5 -0.05 10 33 20 4001
1.51 -0.05 10 33 20 4002
1.53 -0.06 10 33 20 4003
1.54 -0.06 10 33 20 4004
1.56 -0.06 10 33 20 4005
1.57 -0.06 10 33 20 4006
1.59 -0.06 10 33 20 4007
1.61 -0.06 10 33 20 4008
1.62 -0.06 10 33 20 4009
1.64 -0.06 10 33 20 4010
1.66 -0.06 10 33 20 4011
1.67 -0.06 10 33 20 4012
1.69 -0.06 10 33 20 4013
1.71 -0.06 10 33 20 4014
1.72 -0.06 10 33 20 4015
1.74 -0.06 10 33 20 4016
1.76 -0.06 9.99 33 20 4017
1.77 -0.06 9.99 33 20 4018
1.79 -0.06 9.99 33 20 4019
1.8 -0.06 9.99 33 20 4020
1.82 -0.06 9.99 33 20 4021
1.84 -0.06 9.99 33 20 4022
1.85 -0.06 9.99 33 20 4023
1.87 -0.06 9.99 33 20 4024
1.89 -0.06 9.99 33 20 4025
1.9 -0.06 9.99 33 20 4026
1.92 -0.06 9.99 33 21 4027
1.94 -0.06 9.99 33 21 4028
1.95 -0.06 9.99 33 21 4029
1.97 -0.06 9.99 33 21 4030
1.99 -0.06 9.99 33 21 4031
2 -0.05 9.99 33 21 4032
2.02 -0.05 9.99 33 21 4033
2.03 -0.05 9.99 33 21 4034
2.05 -0.05 9.99 33 21 4035
2.07 -0.05 9.99 33 21 4036
2.09 -0.05 9.99 33 21 4037
2.1 -0.05 9.99 33 21 4038
2.12 -0.05 9.99 33 21 4039
2.13 -0.05 9.99 33 21 4040
2.15 -0.05 9.99 33 21 4041
2.16 -0.06 9.99 33 21 4042
2.18 -0.06 9.99 33 21 4043
2.2 -0.05 9.99 33 21 4044
2.21 -0.05 9.99 33 21 4045
2.23 -0.05 9.99 33 21 4046
2.25 -0.05 9.99 33 21 4047
2.26 -0.05 9.99 33 21 4048
2.28 -0.05 9.99 33 21 4049
2.3 -0.05 9.99 33 21 4050
2.31 -0.05 9.99 33 21 4051
2.33 -0.05 9.99 33 21 4052
2.34 -0.06 9.99 33 21 4053
2.35 -0.06 9.99 33 21 4054
2.37 -0.06 9.99 33 21 4055
2.39 -0.06 9.99 33 21 4056
2.4 -0.06 9.99 33 22 4057
2.42 -0.06 9.99 33 22 4058
2.43 -0.06 9.99 33 22 4059
2.45 -0.06 9.99 33 22 4060
2.47 -0.06 9.99 33 22 4061
2.48 -0.06 9.99 33 22 4062
2.5 -0.06 9.99 33 22 4063
2.52 -0.06 9.99 33 22 4064
2.53 -0.06 10 33 22 4065
2.54 -0.06 10 33 22 4066
2.56 -0.06 10 33 22 4067
2.58 -0.06 10 33 22 4068
2.59 -0.06 10 33 22 4069
2.6 -0.06 10 33 22 4070
2.62 -0.06 10 33 22 4071
2.63 -0.06 10 33 22 4072
2.65 -0.06 10 33 22 4073
2.66 -0.06 10 33 22 4074
2.67 -0.06 10 33 22 4075
2.69 -0.06 10 33 22 4076
2.7 -0.06 10 33 22 4077
2.71 -0.06 10 33 22 4078
2.73 -0.06 10 33 22 4079
2.74 -0.06 10 33 22 4080
2.75 -0.07 10 33 22 4081
2.76 -0.07 10 33 22 4082
2.77 -0.07 10 33 22 4083
2.78 -0.07 10 33 22 4084
2.79 -0.07 10 33 22 4085
2.8 -0.07 10 33 22 4086
2.81 -0.07 10 33 23 4087
2.82 -0.07 10 33 23 4088
2.83 -0.07 10 33 23 4089
2.84 -0.07 10 33 23 4090
2.85 -0.07 10 33 23 4091
2.86 -0.07 10 33 23 4092
2.87 -0.07 10 33 23 4093
2.88 -0.07 10 33 23 4094
2.88 -0.07 10 33 23 4095
2.89 -0.07 10 33 23 4096
2.9 -0.07 10 33 23 4097
2.91 -0.07 10 33 23 4098
2.92 -0.07 10 33 23 4099
2.93 -0.07 10 33 23 4100
2.94 -0.07 10 33 23 4101
2.94 -0.07 10 33 23 4102
2.95 -0.07 10 33 23 4103
2.96 -0.07 10 33 23 4104
2.96 -0.07 10 33 23 4105
2.97 -0.07 10 33 23 4106
2.98 -0.07 10 33 23 4107
2.98 -0.07 9.99 33 23 4108
2.99 -0.08 9.99 33 23 4109
3 -0.08 9.99 33 23 4110
3.01 -0.08 9.99 33 23 4111
3.01 -0.08 9.99 33 23 4112
3.02 -0.08 9.99 33 23 4113
3.03 -0.08 9.99 33 23 4114
3.04 -0.08 9.99 33 23 4115
3.04 -0.08 9.99 33 23 4116
3.05 -0.08 9.99 33 24 4117
3.05 -0.08 9.99 33 24 4118
3.06 -0.08 9.99 33 24 4119
3.06 -0.08 9.99 33 24 4120
3.07 -0.09 9.99 33 24 4121
3.08 -0.09 10 33 24 4122
3.08 -0.09 10 33 24 4123
3.09 -0.09 10 33 24 4124
3.09 -0.09 10 33 24 4125
3.1 -0.09 10 33 24 4126
3.1 -0.09 10 33 24 4127
3.11 -0.09 10 33 24 4128
3.11 -0.09 10 33 24 4129
3.12 -0.09 10 33 24 4130
3.12 -0.09 10 33 24 4131
3.12 -0.09 10 33 24 4132
3.13 -0.09 10 33 24 4133
3.14 -0.09 10 33 24 4134
3.14 -0.09 10 33 24 4135
3.15 -0.09 10.01 33 24 4136
3.16 -0.1 10.01 33 24 4137
3.16 -0.1 10.01 33 24 4138
3.17 -0.1 10.01 33 24 4139
3.17 -0.1 10.01 33 24 4140
3.17 -0.1 10.01 33 24 4141
3.18 -0.1 10.02 33 24 4142
3.19 -0.1 10.02 33 24 4143
3.19 -0.1 10.02 33 24 4144
3.2 -0.1 10.02 33 24 4145
3.21 -0.1 10.03 33 24 4146
3.22 -0.1 10.03 33 25 4147
3.23 -0.1 10.03 33 25 4148
3.24 -0.1 10.04 33 25 4149
3.25 -0.1 10.04 33 25 4150
3.26 -0.1 10.04 33 25 4151
3.27 -0.1 10.04 33 25 4152
3.27 -0.1 10.04 33 25 4153
3.28 -0.1 10.04 33 25 4154
3.29 -0.1 10.04 33 25 4155
3.3 -0.09 10.04 33 25 4156
3.32 -0.09 10.05 33 25 4157
3.33 -0.09 10.05 33 25 4158
3.34 -0.09 10.05 33 25 4159
3.35 -0.09 10.05 33 25 4160
3.36 -0.09 10.05 33 25 4161
3.37 -0.09 10.05 33 25 4162
3.38 -0.09 10.05 33 25 4163
3.39 -0.09 10.05 33 25 4164
3.4 -0.09 10.05 33 25 4165
3.41 -0.09 10.05 33 25 4166
3.42 -0.09 10.05 33 25 4167
3.43 -0.08 10.05 33 25 4168
3.44 -0.08 10.05 33 25 4169
3.45 -0.08 10.05 33 25 4170
3.46 -0.08 10.05 33 25 4171
3.47 -0.08 10.04 33 25 4172
3.48 -0.08 10.04 33 25 4173
3.49 -0.07 10.04 33 25 4174
3.49 -0.07 10.04 33 25 4175
3.5 -0.07 10.05 33 25 4176
3.51 -0.07 10.05 33 26 4177
3.52 -0.07 10.05 33 26 4178
3.53 -0.07 10.05 33 26 4179
3.54 -0.07 10.05 33 26 4180
3.55 -0.06 10.05 33 26 4181
3.56 -0.06 10.05 33 26 4182
3.57 -0.06 10.05 33 26 4183
3.57 -0.06 10.05 33 26 4184
3.58 -0.06 10.05 33 26 4185
3.59 -0.06 10.05 33 26 4186
3.6 -0.05 10.05 33 26 4187
3.62 -0.05 10.05 33 26 4188
3.63 -0.05 10.05 33 26 4189
3.64 -0.05 10.05 33 26 4190
3.65 -0.05 10.05 33 26 4191
3.66 -0.04 10.05 33 26 4192
3.67 -0.04 10.05 33 26 4193
3.69 -0.04 10.05 33 26 4194
3.7 -0.04 10.05 33 26 4195
3.71 -0.03 10.05 33 26 4196
3.72 -0.03 10.05 33 26 4197
3.73 -0.03 10.05 33 26 4198
3.75 -0.02 10.05 33 26 4199
3.76 -0.02 10.05 33 26 4200
3.78 -0.02 10.05 33 26 4201
3.79 -0.02 10.05 33 26 4202
3.81 -0.02 10.05 33 26 4203
3.82 -0.02 10.05 33 26 4204
3.84 -0.02 10.05 33 26 4205
3.85 -0.01 10.05 33 26 4206
3.87 -0.01 10.05 33 27 4207
3.88 -0.01 10.05 33 27 4208
3.9 -0.01 10.05 33 27 4209
3.91 -0 10.04 33 27 4210
3.93 -0 10.04 33 27 4211
3.95 0 10.04 33 27 4212
3.96 0 10.04 33 27 4213
3.98 0.01 10.04 33 27 4214
3.99 0.01 10.04 33 27 4215
4.01 0.01 10.04 33 27 4216
4.03 0.02 10.04 33 27 4217
4.05 0.02 10.04 33 27 4218
4.06 0.02 10.04 33 27 4219
4.07 0.03 10.04 33 27 4220
4.09 0.03 10.04 33 27 4221
4.1 0.03 10.04 33 27 4222
4.12 0.04 10.04 33 27 4223
4.14 0.04 10.04 33 27 4224
4.15 0.04 10.04 33 27 4225
4.17 0.04 10.04 33 27 4226
4.18 0.05 10.04 33 27 4227
4.2 0.05 10.04 33 27 4228
4.21 0.05 10.04 33 27 4229
4.23 0.05 10.04 33 27 4230
4.24 0.06 10.04 33 27 4231
4.25 0.06 10.04 33 27 4232
4.27 0.06 10.04 33 27 4233
4.28 0.06 10.04 33 27 4234
4.29 0.06 10.04 33 27 4235
4.3 0.07 10.04 33 27 4236
4.31 0.07 10.04 33 28 4237
4.32 0.07 10.04 33 28 4238
4.33 0.07 10.04 33 28 4239
4.34 0.07 10.04 33 28 4240
4.35 0.07 10.04 33 28 4241
4.36 0.08 10.04 33 28 4242
4.37 0.08 10.04 33 28 4243
4.37 0.08 10.04 33 28 4244
4.38 0.08 10.04 33 28 4245
4.39 0.08 10.04 33 28 4246
4.39 0.08 10.04 33 28 4247
4.4 0.08 10.04 33 28 4248
4.41 0.08 10.05 33 28 4249
4.41 0.08 10.05 33 28 4250
4.42 0.08 10.05 33 28 4251
4.42 0.08 10.05 33 28 4252
4.43 0.08 10.05 33 28 4253
4.43 0.08 10.05 33 28 4254
4.44 0.08 10.05 33 28 4255
4.45 0.08 10.05 33 28 4256
4.45 0.08 10.05 33 28 4257
4.46 0.08 10.06 33 28 4258
4.46 0.08 10.06 33 28 4259
4.47 0.08 10.06 33 28 4260
4.47 0.08 10.06 33 28 4261
4.48 0.08 10.06 33 28 4262
4.48 0.08 10.06 33 28 4263
4.49 0.08 10.05 33 28 4264
4.49 0.08 10.05 33 28 4265
4.5 0.08 10.05 33 28 4266
4.51 0.08 10.05 33 29 4267
4.51 0.08 10.05 33 29 4268
4.52 0.08 10.05 33 29 4269
4.53 0.08 10.05 33 29 4270
4.53 0.09 10.05 33 29 4271
4.54 0.09 10.05 33 29 4272
4.55 0.09 10.05 33 29 4273
4.56 0.09 10.05 33 29 4274
4.56 0.09 10.05 33 29 4275
4.57 0.09 10.05 33 29 4276
4.58 0.09 10.05 33 29 4277
4.59 0.09 10.04 33 29 4278
4.6 0.09 10.04 33 29 4279
4.61 0.1 10.04 33 29 4280
4.62 0.1 10.04 33 29 4281
4.62 0.1 10.04 33 29 4282
4.64 0.1 10.04 33 29 4283
4.65 0.1 10.04 33 29 4284
4.66 0.11 10.03 33 29 4285
4.68 0.11 10.03 33 29 4286
4.69 0.11 10.03 33 29 4287
4.7 0.11 10.03 33 29 4288
4.71 0.12 10.03 33 29 4289
4.73 0.12 10.03 33 29 4290
4.74 0.12 10.03 33 29 4291
4.75 0.12 10.03 33 29 4292
4.77 0.13 10.03 33 29 4293
4.78 0.13 10.03 33 29 4294
4.8 0.14 10.03 33 29 4295
4.81 0.14 10.03 33 29 4296
4.83 0.14 10.03 33 30 4297
4.84 0.15 10.03 33 30 4298
4.86 0.15 10.03 33 30 4299
4.87 0.15 10.03 33 30 4300
4.89 0.16 10.04 33 30 4301
4.9 0.16 10.04 33 30 4302
4.92 0.17 10.04 33 30 4303
4.93 0.17 10.04 33 30 4304
4.95 0.17 10.04 33 30 4305
4.96 0.18 10.04 33 30 4306
4.98 0.18 10.04 33 30 4307
4.99 0.19 10.04 33 30 4308
5 0.19 10.04 33 30 4309
5.02 0.19 10.04 33 30 4310
5.03 0.2 10.04 33 30 4311
5.05 0.2 10.04 33 30 4312
5.06 0.2 10.04 33 30 4313
5.07 0.21 10.04 33 30 4314
5.09 0.21 10.04 33 30 4315
5.1 0.21 10.04 33 30 4316
5.11 0.22 10.04 33 30 4317
5.12 0.22 10.04 33 30 4318
5.13 0.22 10.04 33 30 4319
5.14 0.22 10.04 33 30 4320
5.16 0.22 10.03 33 30 4321
5.17 0.23 10.03 33 30 4322
5.18 0.23 10.03 33 30 4323
5.18 0.23 10.03 33 30 4324
5.2 0.23 10.03 33 30 4325
5.2 0.23 10.03 33 30 4326
5.21 0.23 10.03 33 31 4327
5.22 0.24 10.03 33 31 4328
5.23 0.24 10.03 33 31 4329
5.24 0.24 10.03 33 31 4330
5.24 0.24 10.02 33 31 4331
5.25 0.24 10.02 33 31 4332
5.26 0.24 10.02 33 31 4333
5.26 0.24 10.02 33 31 4334
5.27 0.24 10.02 33 31 4335
5.27 0.24 10.01 33 31 4336
5.28 0.24 10.01 33 31 4337
5.28 0.24 10.01 33 31 4338
5.29 0.24 10 33 31 4339
5.29 0.24 10 33 31 4340
5.3 0.24 10 33 31 4341
5.3 0.24 9.99 33 31 4342
5.31 0.25 9.99 33 31 4343
5.31 0.25 9.99 33 31 4344
5.32 0.25 9.99 33 31 4345
5.32 0.25 9.98 33 31 4346
5.32 0.25 9.98 33 31 4347
5.33 0.25 9.98 33 31 4348
5.33 0.25 9.97 33 31 4349
5.34 0.25 9.97 33 31 4350
5.34 0.25 9.97 33 31 4351
5.34 0.25 9.96 33 31 4352
5.35 0.25 9.96 33 31 4353
5.35 0.26 9.96 33 31 4354
5.35 0.26 9.95 33 31 4355
5.36 0.26 9.95 33 31 4356
5.36 0.26 9.95 33 32 4357
5.36 0.26 9.94 33 32 4358
5.36 0.26 9.94 33 32 4359
5.37 0.26 9.94 33 32 4360
5.37 0.26 9.93 33 32 4361
5.37 0.26 9.93 33 32 4362
5.38 0.27 9.93 33 32 4363
5.38 0.27 9.92 33 32 4364
5.38 0.27 9.92 33 32 4365
5.38 0.27 9.92 33 32 4366
5.39 0.27 9.91 33 32 4367
5.39 0.28 9.91 33 32 4368
5.39 0.28 9.9 33 32 4369
5.39 0.28 9.9 33 32 4370
5.39 0.28 9.89 33 32 4371
5.4 0.28 9.89 33 32 4372
5.4 0.29 9.88 33 32 4373
5.4 0.29 9.88 33 32 4374
5.4 0.29 9.87 33 32 4375
5.41 0.29 9.87 33 32 4376
5.41 0.29 9.87 33 32 4377
5.41 0.29 9.86 33 32 4378
5.42 0.29 9.86 33 32 4379
5.42 0.3 9.85 33 32 4380
5.42 0.3 9.84 33 32 4381
5.43 0.3 9.84 33 32 4382
5.43 0.3 9.83 33 32 4383
5.43 0.3 9.83 33 32 4384
5.44 0.3 9.82 33 32 4385
5.44 0.3 9.81 33 32 4386
5.44 0.3 9.81 33 33 4387
5.44 0.3 9.8 33 33 4388
5.45 0.3 9.79 33 33 4389
5.45 0.3 9.79 33 33 4390
5.45 0.3 9.78 33 33 4391
5.46 0.3 9.77 33 33 4392
5.46 0.3 9.77 33 33 4393
5.46 0.3 9.76 33 33 4394
5.46 0.3 9.76 33 33 4395
5.47 0.3 9.75 33 33 4396
5.47 0.3 9.75 33 33 4397
5.47 0.3 9.74 33 33 4398
5.48 0.3 9.74 33 33 4399
5.48 0.3 9.73 33 33 4400
5.48 0.3 9.73 33 33 4401
5.48 0.29 9.73 33 33 4402
5.49 0.29 9.72 33 33 4403
5.49 0.29 9.72 33 33 4404
5.49 0.29 9.71 33 33 4405
5.49 0.29 9.71 33 33 4406
5.49 0.29 9.7 33 33 4407
5.49 0.29 9.7 33 33 4408
5.5 0.29 9.69 33 33 4409
5.5 0.29 9.69 33 33 4410
5.5 0.29 9.68 33 33 4411
5.5 0.29 9.68 33 33 4412
5.5 0.29 9.67 33 33 4413
5.5 0.29 9.67 33 33 4414
5.5 0.29 9.66 33 33 4415
5.5 0.29 9.66 33 33 4416
5.5 0.29 9.65 33 34 4417
5.5 0.29 9.64 33 34 4418
5.5 0.29 9.63 33 34 4419
5.5 0.29 9.63 33 34 4420
5.5 0.29 9.62 33 34 4421
5.5 0.29 9.61 33 34 4422
5.5 0.29 9.61 33 34 4423
5.5 0.29 9.6 33 34 4424
5.5 0.29 9.6 33 34 4425
5.5 0.28 9.59 33 34 4426
5.5 0.28 9.58 33 34 4427
5.5 0.28 9.58 33 34 4428
5.5 0.28 9.57 33 34 4429
5.5 0.28 9.56 33 34 4430
5.5 0.28 9.56 33 34 4431
5.49 0.28 9.55 33 34 4432
5.49 0.28 9.54 33 34 4433
5.49 0.28 9.54 33 34 4434
5.49 0.28 9.53 33 34 4435
5.49 0.28 9.52 33 34 4436
5.49 0.28 9.52 33 34 4437
5.48 0.28 9.51 33 34 4438
5.48 0.28 9.51 33 34 4439
5.48 0.28 9.5 33 34 4440
5.48 0.28 9.5 33 34 4441
5.47 0.28 9.49 33 34 4442
5.47 0.28 9.49 33 34 4443
5.47 0.28 9.48 33 34 4444
5.47 0.28 9.48 33 34 4445
5.47 0.28 9.47 33 34 4446
5.46 0.28 9.46 33 35 4447
5.46 0.28 9.46 33 35 4448
5.46 0.28 9.45 33 35 4449
5.46 0.28 9.45 33 35 4450
5.46 0.28 9.44 33 35 4451
5.46 0.28 9.44 33 35 4452
5.45 0.28 9.43 33 35 4453
5.45 0.28 9.43 33 35 4454
5.45 0.28 9.42 33 35 4455
5.45 0.28 9.42 33 35 4456
5.45 0.28 9.41 33 35 4457
5.44 0.28 9.4 33 35 4458
5.44 0.28 9.4 33 35 4459
5.44 0.28 9.39 33 35 4460
5.44 0.28 9.39 33 35 4461
5.44 0.28 9.38 33 35 4462
5.43 0.28 9.38 33 35 4463
5.43 0.28 9.37 33 35 4464
5.43 0.28 9.37 33 35 4465
5.43 0.28 9.36 33 35 4466
5.43 0.28 9.35 33 35 4467
5.42 0.28 9.35 33 35 4468
5.42 0.28 9.34 33 35 4469
5.42 0.28 9.34 33 35 4470
5.42 0.28 9.33 33 35 4471
5.41 0.28 9.33 33 35 4472
5.41 0.28 9.32 33 35 4473
5.41 0.28 9.32 33 35 4474
5.41 0.28 9.31 33 35 4475
5.4 0.28 9.31 33 35 4476
5.4 0.28 9.3 33 36 4477
5.4 0.28 9.3 33 36 4478
5.4 0.28 9.29 33 36 4479
5.4 0.28 9.29 33 36 4480
5.4 0.28 9.28 33 36 4481
5.4 0.28 9.28 33 36 4482
5.39 0.28 9.27 33 36 4483
5.39 0.28 9.27 33 36 4484
5.39 0.28 9.26 33 36 4485
5.39 0.28 9.25 33 36 4486
5.39 0.28 9.25 33 36 4487
5.39 0.28 9.24 33 36 4488
5.39 0.28 9.24 33 36 4489
5.39 0.28 9.23 33 36 4490
5.39 0.28 9.23 33 36 4491
5.39 0.28 9.22 33 36 4492
5.38 0.28 9.21 33 36 4493
5.38 0.28 9.21 33 36 4494
5.38 0.28 9.2 33 36 4495
5.38 0.28 9.19 33 36 4496
5.38 0.28 9.19 33 36 4497
5.38 0.28 9.18 33 36 4498
5.38 0.28 9.18 33 36 4499
5.38 0.27 9.17 33 36 4500
5.38 0.27 9.17 33 36 4501
5.38 0.27 9.16 33 36 4502
5.38 0.27 9.16 33 36 4503
5.38 0.27 9.15 33 36 4504
5.38 0.27 9.14 33 36 4505
5.38 0.27 9.14 33 36 4506
5.37 0.27 9.13 33 37 4507
5.37 0.27 9.12 33 37 4508
5.37 0.27 9.12 33 37 4509
5.37 0.27 9.11 33 37 4510
5.37 0.27 9.1 33 37 4511
5.37 0.27 9.1 33 37 4512
5.37 0.27 9.09 33 37 4513
5.37 0.27 9.09 33 37 4514
5.37 0.27 9.08 33 37 4515
5.37 0.27 9.08 33 37 4516
5.37 0.27 9.07 33 37 4517
5.36 0.27 9.06 33 37 4518
5.36 0.27 9.06 33 37 4519
5.36 0.27 9.05 33 37 4520
5.36 0.27 9.05 33 37 4521
5.36 0.27 9.04 33 37 4522
5.36 0.27 9.04 33 37 4523
5.36 0.27 9.03 33 37 4524
5.35 0.27 9.03 33 37 4525
5.35 0.26 9.02 33 37 4526
5.35 0.26 9.02 33 37 4527
5.35 0.26 9.01 33 37 4528
5.35 0.26 9.01 33 37 4529
5.35 0.26 9 33 37 4530
5.35 0.26 9 33 37 4531
5.35 0.26 8.99 33 37 4532
5.35 0.26 8.99 33 37 4533
5.35 0.26 8.99 33 37 4534
5.35 0.26 8.98 33 37 4535
5.35 0.25 8.98 33 37 4536
5.35 0.25 8.97 33 38 4537
5.35 0.25 8.97 33 38 4538
5.35 0.25 8.96 33 38 4539
5.35 0.25 8.96 33 38 4540
5.35 0.25 8.95 33 38 4541
5.35 0.25 8.95 33 38 4542
5.35 0.25 8.94 33 38 4543
5.34 0.25 8.94 33 38 4544
5.34 0.25 8.93 33 38 4545
5.34 0.25 8.93 33 38 4546
5.34 0.25 8.92 33 38 4547
5.34 0.25 8.92 33 38 4548
5.34 0.25 8.91 33 38 4549
5.34 0.25 8.91 33 38 4550
5.34 0.25 8.9 33 38 4551
5.34 0.25 8.9 33 38 4552
5.34 0.25 8.89 33 38 4553
5.34 0.25 8.88 33 38 4554
5.34 0.25 8.88 33 38 4555
5.34 0.25 8.87 33 38 4556
5.33 0.26 8.86 33 38 4557
5.33 0.26 8.86 33 38 4558
5.33 0.26 8.85 33 38 4559
5.33 0.26 8.85 33 38 4560
5.33 0.26 8.84 33 38 4561
5.33 0.26 8.83 33 38 4562
5.33 0.26 8.83 33 38 4563
5.33 0.26 8.83 33 38 4564
5.33 0.26 8.82 33 38 4565
5.33 0.26 8.82 33 38 4566
5.33 0.26 8.81 33 39 4567
5.32 0.26 8.81 33 39 4568
5.32 0.26 8.8 33 39 4569
5.32 0.26 8.8 33 39 4570
5.32 0.26 8.79 33 39 4571
5.32 0.26 8.79 33 39 4572
5.32 0.26 8.78 33 39 4573
5.32 0.26 8.78 33 39 4574
5.32 0.26 8.78 33 39 4575
5.32 0.26 8.77 33 39 4576
5.32 0.26 8.76 33 39 4577
5.31 0.27 8.76 33 39 4578
5.31 0.27 8.75 33 39 4579
5.31 0.27 8.75 33 39 4580
5.31 0.27 8.74 33 39 4581
5.31 0.27 8.74 33 39 4582
5.31 0.27 8.73 33 39 4583
5.31 0.27 8.73 33 39 4584
5.31 0.27 8.72 33 39 4585
5.31 0.27 8.72 33 39 4586
5.31 0.26 8.71 33 39 4587
5.31 0.26 8.71 33 39 4588
5.31 0.26 8.7 33 39 4589
5.31 0.27 8.7 33 39 4590
5.31 0.27 8.7 33 39 4591
5.31 0.27 8.69 33 39 4592
5.31 0.27 8.69 33 39 4593
5.31 0.27 8.68 33 39 4594
5.31 0.27 8.68 33 39 4595
5.31 0.27 8.67 33 39 4596
5.31 0.27 8.67 33 40 4597
5.31 0.27 8.66 33 40 4598
5.31 0.27 8.66 33 40 4599
5.31 0.27 8.65 33 40 4600
5.31 0.27 8.65 33 40 4601
5.31 0.27 8.64 33 40 4602
5.31 0.27 8.64 33 40 4603
5.31 0.27 8.63 33 40 4604
5.31 0.27 8.63 33 40 4605
5.31 0.27 8.62 33 40 4606
5.32 0.27 8.62 33 40 4607
5.32 0.27 8.61 33 40 4608
5.32 0.27 8.61 33 40 4609
5.32 0.27 8.6 33 40 4610
5.32 0.27 8.6 33 40 4611
5.33 0.27 8.59 33 40 4612
5.33 0.27 8.59 33 40 4613
5.33 0.27 8.58 33 40 4614
5.33 0.27 8.58 33 40 4615
5.33 0.27 8.57 33 40 4616
5.34 0.27 8.57 33 40 4617
5.34 0.27 8.56 33 40 4618
5.34 0.27 8.56 33 40 4619
5.34 0.27 8.56 33 40 4620
5.34 0.27 8.55 33 40 4621
5.35 0.27 8.55 33 40 4622
5.35 0.27 8.54 33 40 4623
5.35 0.27 8.54 33 40 4624
5.36 0.27 8.53 33 40 4625
5.36 0.27 8.53 33 40 4626
5.36 0.27 8.52 33 41 4627
5.36 0.27 8.52 33 41 4628
5.36 0.27 8.51 33 41 4629
5.36 0.27 8.51 33 41 4630
5.36 0.27 8.5 33 41 4631
5.36 0.27 8.5 33 41 4632
5.37 0.27 8.49 33 41 4633
5.37 0.27 8.49 33 41 4634
5.37 0.27 8.49 33 41 4635
5.37 0.27 8.48 33 41 4636
5.37 0.27 8.48 33 41 4637
5.37 0.27 8.47 33 41 4638
5.37 0.27 8.47 33 41 4639
5.37 0.27 8.46 33 41 4640
5.37 0.27 8.46 33 41 4641
5.37 0.27 8.45 33 41 4642
5.37 0.27 8.45 33 41 4643
5.37 0.27 8.45 33 41 4644
5.37 0.27 8.44 33 41 4645
5.37 0.27 8.44 33 41 4646
5.37 0.27 8.43 33 41 4647
5.37 0.27 8.43 33 41 4648
5.37 0.27 8.42 33 41 4649
5.37 0.27 8.42 33 41 4650
5.38 0.27 8.42 33 41 4651
5.38 0.27 8.41 33 41 4652
5.38 0.27 8.41 33 41 4653
5.38 0.27 8.4 33 41 4654
5.38 0.27 8.4 33 41 4655
5.38 0.27 8.39 33 41 4656
5.38 0.27 8.39 33 42 4657
5.38 0.27 8.38 33 42 4658
5.38 0.27 8.38 33 42 4659
5.38 0.27 8.37 33 42 4660
5.38 0.27 8.37 33 42 4661
5.38 0.27 8.36 33 42 4662
5.38 0.27 8.35 33 42 4663
5.38 0.27 8.35 33 42 4664
5.38 0.27 8.34 33 42 4665
5.38 0.27 8.34 33 42 4666
5.38 0.27 8.33 33 42 4667
5.39 0.27 8.33 33 42 4668
5.39 0.27 8.32 33 42 4669
5.39 0.27 8.32 33 42 4670
5.39 0.27 8.31 33 42 4671
5.39 0.27 8.31 33 42 4672
5.39 0.27 8.3 33 42 4673
5.4 0.27 8.3 33 42 4674
5.4 0.27 8.3 33 42 4675
5.4 0.27 8.29 33 42 4676
5.4 0.27 8.29 33 42 4677
5.4 0.27 8.28 33 42 4678
5.4 0.27 8.28 33 42 4679
5.41 0.27 8.28 33 42 4680
5.41 0.27 8.27 33 42 4681
5.41 0.27 8.27 33 42 4682
5.41 0.27 8.26 33 42 4683
5.42 0.27 8.26 33 42 4684
5.42 0.27 8.26 33 42 4685
5.42 0.27 8.25 33 42 4686
5.42 0.27 8.25 33 43 4687
5.43 0.27 8.24 33 43 4688
5.43 0.27 8.24 33 43 4689
5.43 0.27 8.23 33 43 4690
5.44 0.27 8.23 33 43 4691
5.44 0.27 8.22 33 43 4692
5.44 0.27 8.22 33 43 4693
5.44 0.27 8.21 33 43 4694
5.45 0.27 8.21 33 43 4695
5.45 0.27 8.2 33 43 4696
5.45 0.27 8.2 33 43 4697
5.46 0.28 8.19 33 43 4698
5.46 0.28 8.19 33 43 4699
5.46 0.28 8.19 33 43 4700
5.46 0.28 8.18 33 43 4701
5.46 0.28 8.18 33 43 4702
5.47 0.29 8.17 33 43 4703
5.47 0.29 8.17 33 43 4704
5.47 0.29 8.16 33 43 4705
5.47 0.29 8.16 33 43 4706
5.47 0.29 8.15 33 43 4707
5.47 0.3 8.15 33 43 4708
5.47 0.3 8.14 33 43 4709
5.48 0.3 8.14 33 43 4710
5.48 0.3 8.13 33 43 4711
5.48 0.3 8.13 33 43 4712
5.48 0.3 8.12 33 43 4713
5.48 0.3 8.12 33 43 4714
5.48 0.31 8.11 33 43 4715
5.49 0.31 8.1 33 43 4716
5.49 0.31 8.1 33 44 4717
5.49 0.31 8.1 33 44 4718
5.49 0.31 8.09 33 44 4719
5.49 0.31 8.09 33 44 4720
5.49 0.31 8.08 33 44 4721
5.49 0.32 8.07 33 44 4722
5.49 0.32 8.07 33 44 4723
5.5 0.32 8.06 33 44 4724
5.5 0.32 8.06 33 44 4725
5.5 0.32 8.05 33 44 4726
5.5 0.32 8.05 33 44 4727
5.5 0.32 8.05 33 44 4728
5.5 0.32 8.04 33 44 4729
5.5 0.32 8.03 33 44 4730
5.5 0.32 8.03 33 44 4731
5.5 0.32 8.03 33 44 4732
5.51 0.32 8.02 33 44 4733
5.51 0.32 8.01 33 44 4734
5.51 0.32 8.01 33 44 4735
5.51 0.32 8.01 33 44 4736
5.51 0.32 8 33 44 4737
5.51 0.32 8 33 44 4738
5.51 0.32 7.99 33 44 4739
5.51 0.32 7.99 33 44 4740
5.52 0.32 7.98 33 44 4741
5.52 0.32 7.98 33 44 4742
5.52 0.32 7.97 33 44 4743
5.52 0.32 7.97 33 44 4744
5.52 0.32 7.96 33 44 4745
5.53 0.32 7.95 33 44 4746
5.53 0.32 7.95 33 45 4747
5.53 0.32 7.94 33 45 4748
5.53 0.32 7.94 33 45 4749
5.54 0.32 7.93 33 45 4750
5.54 0.32 7.92 33 45 4751
5.54 0.32 7.92 33 45 4752
5.55 0.32 7.91 33 45 4753
5.55 0.32 7.91 33 45 4754
5.55 0.32 7.9 33 45 4755
5.56 0.32 7.9 33 45 4756
5.56 0.32 7.89 33 45 4757
5.56 0.32 7.89 33 45 4758
5.56 0.32 7.88 33 45 4759
5.56 0.32 7.88 33 45 4760
5.57 0.32 7.87 33 45 4761
5.57 0.32 7.87 33 45 4762
5.57 0.32 7.86 33 45 4763
5.57 0.32 7.86 33 45 4764
5.57 0.32 7.85 33 45 4765
5.57 0.32 7.85 33 45 4766
5.58 0.32 7.84 33 45 4767
5.58 0.32 7.84 33 45 4768
5.58 0.32 7.83 33 45 4769
5.58 0.32 7.83 33 45 4770
5.59 0.32 7.82 33 45 4771
5.59 0.32 7.82 33 45 4772
5.59 0.32 7.81 33 45 4773
5.59 0.32 7.81 33 45 4774
5.59 0.32 7.8 33 45 4775
5.6 0.32 7.79 33 45 4776
5.6 0.32 7.79 33 46 4777
5.6 0.32 7.78 33 46 4778
5.6 0.32 7.78 33 46 4779
5.61 0.32 7.77 33 46 4780
5.61 0.32 7.77 33 46 4781
5.61 0.32 7.76 33 46 4782
5.61 0.32 7.76 33 46 4783
5.62 0.32 7.75 33 46 4784
5.62 0.32 7.75 33 46 4785
5.62 0.32 7.74 33 46 4786
5.62 0.32 7.74 33 46 4787
5.63 0.32 7.73 33 46 4788
5.63 0.32 7.72 33 46 4789
5.63 0.32 7.72 33 46 4790
5.63 0.32 7.71 33 46 4791
5.64 0.32 7.71 33 46 4792
5.64 0.33 7.7 33 46 4793
5.64 0.33 7.7 33 46 4794
5.64 0.33 7.69 33 46 4795
5.65 0.33 7.69 33 46 4796
5.65 0.33 7.68 33 46 4797
5.65 0.33 7.68 33 46 4798
5.65 0.33 7.67 33 46 4799
5.66 0.33 7.67 33 46 4800
5.66 0.33 7.66 33 46 4801
5.66 0.33 7.66 33 46 4802
5.66 0.34 7.65 33 46 4803
5.66 0.34 7.64 33 46 4804
5.67 0.34 7.64 33 46 4805
5.67 0.34 7.63 33 46 4806
5.67 0.34 7.63 33 47 4807
5.67 0.34 7.62 33 47 4808
5.67 0.34 7.62 33 47 4809
5.68 0.34 7.61 33 47 4810
5.68 0.34 7.61 33 47 4811
5.68 0.34 7.6 33 47 4812
5.68 0.34 7.59 33 47 4813
5.68 0.34 7.59 33 47 4814
5.68 0.34 7.58 33 47 4815
5.69 0.34 7.58 33 47 4816
5.69 0.34 7.57 33 47 4817
5.69 0.34 7.56 33 47 4818
5.69 0.34 7.56 33 47 4819
5.69 0.34 7.55 33 47 4820
5.69 0.34 7.55 33 47 4821
5.7 0.34 7.54 33 47 4822
5.7 0.34 7.54 33 47 4823
5.7 0.35 7.53 33 47 4824
5.7 0.35 7.52 33 47 4825
5.7 0.35 7.52 33 47 4826
5.71 0.35 7.51 33 47 4827
5.71 0.35 7.51 33 47 4828
5.71 0.35 7.5 33 47 4829
5.71 0.35 7.5 33 47 4830
5.71 0.35 7.49 33 47 4831
5.71 0.35 7.49 33 47 4832
5.72 0.35 7.48 33 47 4833
5.72 0.35 7.48 33 47 4834
5.72 0.35 7.47 33 47 4835
5.72 0.36 7.47 33 47 4836
5.72 0.36 7.46 33 48 4837
5.73 0.36 7.46 33 48 4838
5.73 0.36 7.45 33 48 4839
5.73 0.36 7.45 33 48 4840
5.73 0.36 7.44 33 48 4841
5.74 0.36 7.44 33 48 4842
5.74 0.36 7.43 33 48 4843
5.74 0.36 7.43 33 48 4844
5.74 0.36 7.42 33 48 4845
5.74 0.36 7.42 33 48 4846
5.75 0.36 7.41 33 48 4847
5.75 0.36 7.41 33 48 4848
5.75 0.36 7.4 33 48 4849
5.75 0.36 7.4 33 48 4850
5.75 0.36 7.39 33 48 4851
5.75 0.36 7.39 33 48 4852
5.76 0.36 7.38 33 48 4853
5.76 0.36 7.38 33 48 4854
5.76 0.36 7.37 33 48 4855
5.76 0.36 7.36 33 48 4856
5.77 0.36 7.36 33 48 4857
5.77 0.36 7.35 33 48 4858
5.77 0.36 7.35 33 48 4859
5.77 0.36 7.34 33 48 4860
5.78 0.36 7.34 33 48 4861
5.78 0.36 7.33 33 48 4862
5.78 0.36 7.33 33 48 4863
5.78 0.36 7.32 33 48 4864
5.78 0.36 7.32 33 48 4865
5.79 0.36 7.31 33 48 4866
5.79 0.36 7.31 33 49 4867
5.79 0.36 7.3 33 49 4868
5.79 0.36 7.29 33 49 4869
5.79 0.36 7.29 33 49 4870
5.79 0.36 7.28 33 49 4871
5.8 0.36 7.27 33 49 4872
5.8 0.36 7.27 33 49 4873
5.8 0.36 7.26 33 49 4874
5.8 0.36 7.26 33 49 4875
5.8 0.36 7.25 33 49 4876
5.8 0.36 7.25 33 49 4877
5.8 0.36 7.24 33 49 4878
5.81 0.36 7.23 33 49 4879
5.81 0.36 7.23 33 49 4880
5.81 0.36 7.22 33 49 4881
5.81 0.36 7.22 33 49 4882
5.81 0.36 7.21 33 49 4883
5.81 0.36 7.21 33 49 4884
5.81 0.36 7.2 33 49 4885
5.82 0.36 7.2 33 49 4886
5.82 0.36 7.19 33 49 4887
5.82 0.37 7.18 33 49 4888
5.82 0.37 7.18 33 49 4889
5.82 0.37 7.17 33 49 4890
5.82 0.37 7.17 33 49 4891
5.83 0.37 7.16 33 49 4892
5.83 0.37 7.15 33 49 4893
5.83 0.37 7.15 33 49 4894
5.83 0.37 7.14 33 49 4895
5.83 0.37 7.14 33 49 4896
5.83 0.37 7.13 33 50 4897
5.84 0.37 7.12 33 50 4898
5.84 0.37 7.12 33 50 4899
5.84 0.37 7.11 33 50 4900
5.84 0.37 7.1 33 50 4901
5.84 0.37 7.1 33 50 4902
5.84 0.37 7.09 33 50 4903
5.84 0.37 7.08 33 50 4904
5.84 0.37 7.08 33 50 4905
5.84 0.37 7.07 33 50 4906
5.85 0.37 7.07 33 50 4907
5.85 0.37 7.06 33 50 4908
5.85 0.37 7.05 33 50 4909
5.85 0.37 7.05 33 50 4910
5.85 0.37 7.04 33 50 4911
5.85 0.38 7.04 33 50 4912
5.86 0.38 7.03 33 50 4913
5.86 0.38 7.03 33 50 4914
5.86 0.38 7.02 33 50 4915
5.86 0.38 7.01 33 50 4916
5.86 0.38 7.01 33 50 4917
5.86 0.38 7 33 50 4918
5.87 0.39 7 33 50 4919
5.87 0.39 6.99 33 50 4920
5.87 0.39 6.98 33 50 4921
5.87 0.39 6.98 33 50 4922
5.87 0.39 6.97 33 50 4923
5.87 0.39 6.97 33 50 4924
5.87 0.39 6.96 33 50 4925
5.87 0.39 6.96 33 50 4926
5.88 0.39 6.95 33 51 4927
5.88 0.39 6.94 33 51 4928
5.88 0.39 6.94 33 51 4929
5.88 0.39 6.93 33 51 4930
5.88 0.39 6.92 33 51 4931
5.89 0.39 6.92 33 51 4932
5.89 0.39 6.91 33 51 4933
5.89 0.39 6.91 33 51 4934
5.89 0.39 6.9 33 51 4935
5.89 0.39 6.89 33 51 4936
5.9 0.39 6.89 33 51 4937
5.9 0.39 6.88 33 51 4938
5.9 0.39 6.87 33 51 4939
5.9 0.39 6.87 33 51 4940
5.9 0.39 6.86 33 51 4941
5.9 0.39 6.85 33 51 4942
5.9 0.39 6.85 33 51 4943
5.91 0.39 6.84 33 51 4944
5.91 0.39 6.84 33 51 4945
5.91 0.39 6.83 33 51 4946
5.91 0.39 6.82 33 51 4947
5.91 0.39 6.82 33 51 4948
5.92 0.39 6.81 33 51 4949
5.92 0.39 6.8 33 51 4950
5.92 0.39 6.8 33 51 4951
5.92 0.38 6.79 33 51 4952
5.92 0.38 6.78 33 51 4953
5.92 0.38 6.78 33 51 4954
5.93 0.38 6.77 33 51 4955
5.93 0.38 6.76 33 51 4956
5.93 0.38 6.76 33 52 4957
5.93 0.38 6.75 33 52 4958
5.93 0.38 6.74 33 52 4959
5.93 0.38 6.74 33 52 4960
5.93 0.38 6.73 33 52 4961
5.93 0.38 6.72 33 52 4962
5.93 0.38 6.71 33 52 4963
5.93 0.38 6.71 33 52 4964
5.94 0.38 6.7 33 52 4965
5.94 0.38 6.7 33 52 4966
5.94 0.38 6.69 33 52 4967
5.94 0.38 6.68 33 52 4968
5.94 0.38 6.68 33 52 4969
5.94 0.38 6.67 33 52 4970
5.94 0.38 6.66 33 52 4971
5.94 0.38 6.66 33 52 4972
5.94 0.38 6.65 33 52 4973
5.94 0.38 6.64 33 52 4974
5.94 0.38 6.63 33 52 4975
5.94 0.38 6.63 33 52 4976
5.94 0.38 6.62 33 52 4977
5.94 0.38 6.61 33 52 4978
5.94 0.38 6.6 33 52 4979
5.94 0.38 6.6 33 52 4980
5.94 0.38 6.59 33 52 4981
5.94 0.38 6.58 33 52 4982
5.94 0.38 6.57 33 52 4983
5.94 0.38 6.57 33 52 4984
5.94 0.38 6.56 33 52 4985
5.94 0.38 6.55 33 52 4986
5.94 0.38 6.55 33 53 4987
5.95 0.38 6.54 33 53 4988
5.95 0.38 6.53 33 53 4989
5.95 0.38 6.53 33 53 4990
5.95 0.38 6.52 33 53 4991
5.95 0.38 6.51 33 53 4992
5.95 0.38 6.51 33 53 4993
5.95 0.38 6.5 33 53 4994
5.95 0.38 6.5 33 53 4995
5.95 0.38 6.5 33 53 4996
5.96 0.38 6.51 33 53 4997
5.96 0.38 6.51 33 53 4998
5.96 0.38 6.51 33 53 4999
5.96 0.38 6.51 33 53 5000
5.96 0.38 6.52 33 53 5001
5.96 0.38 6.52 33 53 5002
5.97 0.37 6.52 33 53 5003
5.97 0.37 6.52 33 53 5004
5.98 0.37 6.53 33 53 5005
5.98 0.37 6.53 33 53 5006
5.98 0.36 6.53 33 53 5007
5.99 0.36 6.53 33 53 5008
5.99 0.36 6.53 33 53 5009
5.99 0.35 6.53 33 53 5010
6 0.35 6.53 33 53 5011
6 0.35 6.53 33 53 5012
6 0.34 6.53 33 53 5013
6.01 0.34 6.53 33 53 5014
6.01 0.34 6.52 33 53 5015
6.01 0.33 6.52 33 53 5016
6.02 0.33 6.52 33 54 5017
6.02 0.33 6.52 33 54 5018
6.02 0.32 6.52 33 54 5019
6.03 0.32 6.52 33 54 5020
6.03 0.32 6.51 33 54 5021
6.03 0.32 6.51 33 54 5022
6.03 0.31 6.51 33 54 5023
6.03 0.31 6.51 33 54 5024
6.03 0.31 6.51 33 54 5025
6.03 0.3 6.5 33 54 5026
6.04 0.3 6.5 33 54 5027
6.04 0.3 6.5 33 54 5028
6.04 0.3 6.5 33 54 5029
6.04 0.29 6.49 33 54 5030
6.05 0.29 6.49 33 54 5031
6.05 0.29 6.49 33 54 5032
6.05 0.29 6.48 33 54 5033
6.05 0.28 6.48 33 54 5034
6.05 0.28 6.48 33 54 5035
6.05 0.28 6.47 33 54 5036
6.05 0.28 6.47 33 54 5037
6.05 0.27 6.46 33 54 5038
6.06 0.27 6.46 33 54 5039
6.06 0.27 6.45 33 54 5040
6.06 0.27 6.45 33 54 5041
6.06 0.27 6.45 33 54 5042
6.06 0.26 6.44 33 54 5043
6.07 0.26 6.44 33 54 5044
6.07 0.26 6.43 33 54 5045
6.07 0.26 6.43 33 54 5046
6.07 0.26 6.42 33 55 5047
6.07 0.26 6.42 33 55 5048
6.07 0.25 6.41 33 55 5049
6.07 0.25 6.41 33 55 5050
6.07 0.25 6.4 33 55 5051
6.07 0.25 6.4 33 55 5052
6.07 0.25 6.39 33 55 5053
6.07 0.25 6.39 33 55 5054
6.08 0.25 6.38 33 55 5055
6.08 0.24 6.38 33 55 5056
6.08 0.24 6.37 33 55 5057
6.08 0.24 6.37 33 55 5058
6.08 0.24 6.36 33 55 5059
6.07 0.24 6.36 33 55 5060
6.07 0.24 6.35 33 55 5061
6.07 0.24 6.35 33 55 5062
6.07 0.24 6.34 33 55 5063
6.07 0.24 6.33 33 55 5064
6.07 0.23 6.33 33 55 5065
6.07 0.23 6.32 33 55 5066
6.07 0.23 6.32 33 55 5067
6.07 0.23 6.32 33 55 5068
6.07 0.23 6.31 33 55 5069
6.07 0.23 6.3 33 55 5070
6.07 0.23 6.3 33 55 5071
6.07 0.23 6.3 33 55 5072
6.07 0.22 6.29 33 55 5073
6.07 0.22 6.29 33 55 5074
6.07 0.22 6.28 33 55 5075
6.07 0.22 6.28 33 55 5076
6.07 0.22 6.27 33 56 5077
6.07 0.22 6.27 33 56 5078
6.07 0.22 6.26 33 56 5079
6.07 0.22 6.26 33 56 5080
6.07 0.22 6.25 33 56 5081
6.07 0.22 6.25 33 56 5082
6.06 0.22 6.24 33 56 5083
6.06 0.22 6.24 33 56 5084
6.06 0.22 6.24 33 56 5085
6.06 0.22 6.23 33 56 5086
6.06 0.22 6.23 33 56 5087
6.06 0.22 6.22 33 56 5088
6.06 0.22 6.21 33 56 5089
6.06 0.22 6.21 33 56 5090
6.06 0.22 6.2 33 56 5091
6.06 0.22 6.2 33 56 5092
6.06 0.22 6.19 33 56 5093
6.06 0.22 6.18 33 56 5094
6.06 0.22 6.18 33 56 5095
6.06 0.22 6.17 33 56 5096
6.06 0.22 6.17 33 56 5097
6.06 0.22 6.16 33 56 5098
6.06 0.22 6.15 33 56 5099
6.06 0.22 6.15 33 56 5100
6.06 0.22 6.14 33 56 5101
6.06 0.22 6.14 33 56 5102
6.06 0.22 6.13 33 56 5103
6.06 0.22 6.12 33 56 5104
6.06 0.22 6.12 33 56 5105
6.06 0.22 6.11 33 56 5106
6.06 0.22 6.1 33 57 5107
6.06 0.22 6.1 33 57 5108
6.06 0.22 6.09 33 57 5109
6.06 0.22 6.09 33 57 5110
6.06 0.22 6.08 33 57 5111
6.06 0.22 6.08 33 57 5112
6.07 0.22 6.07 33 57 5113
6.07 0.22 6.07 33 57 5114
6.07 0.22 6.06 33 57 5115
6.07 0.22 6.06 33 57 5116
6.07 0.22 6.05 33 57 5117
6.07 0.22 6.04 33 57 5118
6.07 0.22 6.04 33 57 5119
6.07 0.22 6.03 33 57 5120
6.07 0.22 6.03 33 57 5121
6.07 0.22 6.02 33 57 5122
6.07 0.22 6.02 33 57 5123
6.07 0.22 6.01 33 57 5124
6.07 0.22 6 33 57 5125
6.07 0.22 6 33 57 5126
6.07 0.22 5.99 33 57 5127
6.07 0.22 5.99 33 57 5128
6.06 0.22 5.98 33 57 5129
6.06 0.22 5.98 33 57 5130
6.06 0.22 5.97 33 57 5131
6.06 0.22 5.97 33 57 5132
6.06 0.22 5.96 33 57 5133
6.06 0.22 5.96 33 57 5134
6.06 0.22 5.95 33 57 5135
6.06 0.22 5.95 33 57 5136
6.06 0.22 5.94 33 58 5137
6.06 0.22 5.94 33 58 5138
6.06 0.22 5.93 33 58 5139
6.06 0.22 5.93 33 58 5140
6.06 0.22 5.92 33 58 5141
6.06 0.22 5.92 33 58 5142
6.06 0.22 5.91 33 58 5143
6.06 0.22 5.91 33 58 5144
6.06 0.22 5.9 33 58 5145
6.06 0.22 5.9 33 58 5146
6.06 0.22 5.89 33 58 5147
6.06 0.22 5.89 33 58 5148
6.06 0.22 5.88 33 58 5149
6.06 0.22 5.88 33 58 5150
6.06 0.22 5.87 33 58 5151
6.06 0.22 5.87 33 58 5152
6.06 0.22 5.87 33 58 5153
6.06 0.23 5.86 33 58 5154
6.06 0.23 5.86 33 58 5155
6.06 0.23 5.85 33 58 5156
6.06 0.23 5.84 33 58 5157
6.06 0.23 5.84 33 58 5158
6.06 0.23 5.83 33 58 5159
6.06 0.23 5.83 33 58 5160
6.06 0.23 5.82 33 58 5161
6.06 0.23 5.82 33 58 5162
6.06 0.23 5.81 33 58 5163
6.07 0.23 5.81 33 58 5164
6.07 0.23 5.8 33 58 5165
6.07 0.23 5.8 33 58 5166
6.07 0.24 5.79 33 59 5167
6.07 0.24 5.78 33 59 5168
6.07 0.24 5.78 33 59 5169
6.07 0.24 5.77 33 59 5170
6.07 0.24 5.77 33 59 5171
6.07 0.24 5.76 33 59 5172
6.07 0.24 5.76 33 59 5173
6.07 0.24 5.75 33 59 5174
6.07 0.24 5.75 33 59 5175
6.07 0.24 5.74 33 59 5176
6.08 0.24 5.74 33 59 5177
6.08 0.24 5.73 33 59 5178
6.08 0.24 5.72 33 59 5179
6.08 0.24 5.72 33 59 5180
6.08 0.24 5.71 33 59 5181
6.08 0.24 5.71 33 59 5182
6.08 0.24 5.7 33 59 5183
6.08 0.24 5.7 33 59 5184
6.08 0.24 5.69 33 59 5185
6.08 0.24 5.69 33 59 5186
6.08 0.24 5.68 33 59 5187
6.08 0.24 5.68 33 59 5188
6.08 0.24 5.67 33 59 5189
6.08 0.24 5.67 33 59 5190
6.08 0.24 5.66 33 59 5191
6.08 0.24 5.66 33 59 5192
6.08 0.24 5.65 33 59 5193
6.08 0.24 5.65 33 59 5194
6.08 0.24 5.64 33 59 5195
6.08 0.24 5.64 33 59 5196
6.08 0.24 5.63 34 0 5197
6.08 0.24 5.62 34 0 5198
6.08 0.24 5.62 34 0 5199
6.08 0.24 5.61 34 0 5200
6.08 0.24 5.61 34 0 5201
6.08 0.24 5.6 34 0 5202
6.08 0.24 5.6 34 0 5203
6.08 0.23 5.59 34 0 5204
6.08 0.23 5.59 34 0 5205
6.08 0.23 5.58 34 0 5206
6.08 0.23 5.57 34 0 5207
6.08 0.23 5.57 34 0 5208
6.09 0.23 5.56 34 0 5209
6.09 0.23 5.56 34 0 5210
6.09 0.23 5.55 34 0 5211
6.08 0.23 5.55 34 0 5212
6.08 0.23 5.54 34 0 5213
6.09 0.23 5.54 34 0 5214
6.09 0.23 5.53 34 0 5215
6.09 0.22 5.53 34 0 5216
6.09 0.22 5.53 34 0 5217
6.09 0.22 5.52 34 0 5218
6.09 0.22 5.52 34 0 5219
6.09 0.22 5.51 34 0 5220
6.09 0.22 5.51 34 0 5221
6.09 0.22 5.5 34 0 5222
6.09 0.22 5.5 34 0 5223
6.09 0.22 5.49 34 0 5224
6.09 0.22 5.49 34 0 5225
6.09 0.22 5.48 34 0 5226
6.09 0.22 5.48 34 1 5227
6.09 0.22 5.47 34 1 5228
6.09 0.21 5.47 34 1 5229
6.09 0.21 5.47 34 1 5230
6.09 0.21 5.46 34 1 5231
6.09 0.21 5.45 34 1 5232
6.09 0.21 5.45 34 1 5233
6.09 0.21 5.44 34 1 5234
6.09 0.21 5.44 34 1 5235
6.09 0.21 5.43 34 1 5236
6.09 0.21 5.43 34 1 5237
6.09 0.21 5.42 34 1 5238
6.09 0.21 5.42 34 1 5239
6.09 0.21 5.41 34 1 5240
6.1 0.21 5.41 34 1 5241
6.1 0.21 5.4 34 1 5242
6.1 0.21 5.4 34 1 5243
6.1 0.21 5.39 34 1 5244
6.1 0.21 5.39 34 1 5245
6.1 0.21 5.38 34 1 5246
6.1 0.21 5.37 34 1 5247
6.1 0.21 5.37 34 1 5248
6.1 0.21 5.36 34 1 5249
6.1 0.21 5.36 34 1 5250
6.1 0.21 5.35 34 1 5251
6.1 0.21 5.35 34 1 5252
6.1 0.21 5.34 34 1 5253
6.1 0.21 5.33 34 1 5254
6.1 0.21 5.33 34 1 5255
6.1 0.21 5.32 34 1 5256
6.11 0.21 5.32 34 2 5257
6.11 0.21 5.31 34 2 5258
6.11 0.21 5.31 34 2 5259
6.11 0.21 5.3 34 2 5260
6.11 0.21 5.3 34 2 5261
6.11 0.21 5.29 34 2 5262
6.11 0.21 5.29 34 2 5263
6.11 0.21 5.28 34 2 5264
6.11 0.21 5.27 34 2 5265
6.11 0.21 5.27 34 2 5266
6.11 0.21 5.26 34 2 5267
6.11 0.21 5.26 34 2 5268
6.11 0.21 5.25 34 2 5269
6.11 0.21 5.24 34 2 5270
6.11 0.2 5.24 34 2 5271
6.11 0.2 5.23 34 2 5272
6.11 0.2 5.23 34 2 5273
6.11 0.2 5.22 34 2 5274
6.11 0.2 5.21 34 2 5275
6.11 0.2 5.21 34 2 5276
6.11 0.2 5.2 34 2 5277
6.11 0.2 5.2 34 2 5278
6.11 0.2 5.19 34 2 5279
6.11 0.2 5.18 34 2 5280
6.11 0.2 5.18 34 2 5281
6.11 0.2 5.17 34 2 5282
6.1 0.2 5.17 34 2 5283
6.1 0.2 5.16 34 2 5284
6.1 0.2 5.15 34 2 5285
6.1 0.2 5.15 34 2 5286
6.1 0.2 5.14 34 3 5287
6.1 0.2 5.14 34 3 5288
6.1 0.2 5.13 34 3 5289
6.1 0.2 5.12 34 3 5290
6.1 0.2 5.12 34 3 5291
6.1 0.2 5.11 34 3 5292
6.1 0.2 5.11 34 3 5293
6.1 0.2 5.1 34 3 5294
6.1 0.2 5.1 34 3 5295
6.1 0.2 5.09 34 3 5296
6.1 0.2 5.08 34 3 5297
6.1 0.2 5.08 34 3 5298
6.1 0.2 5.07 34 3 5299
6.09 0.2 5.06 34 3 5300
6.09 0.2 5.06 34 3 5301
6.09 0.2 5.05 34 3 5302
6.09 0.2 5.04 34 3 5303
6.1 0.2 5.04 34 3 5304
6.1 0.2 5.04 34 3 5305
6.1 0.2 5.03 34 3 5306
6.1 0.2 5.03 34 3 5307
6.1 0.2 5.02 34 3 5308
6.1 0.2 5.01 34 3 5309
6.1 0.2 5.01 34 3 5310
6.1 0.2 5 34 3 5311
6.1 0.2 5 34 3 5312
6.1 0.2 4.99 34 3 5313
6.1 0.2 4.98 34 3 5314
6.1 0.2 4.98 34 3 5315
6.1 0.2 4.97 34 3 5316
6.1 0.2 4.97 34 4 5317
6.1 0.19 4.96 34 4 5318
6.1 0.19 4.96 34 4 5319
6.1 0.19 4.95 34 4 5320
6.1 0.19 4.94 34 4 5321
6.11 0.19 4.94 34 4 5322
6.11 0.19 4.93 34 4 5323
6.11 0.19 4.92 34 4 5324
6.11 0.19 4.91 34 4 5325
6.11 0.19 4.91 34 4 5326
6.11 0.19 4.9 34 4 5327
6.11 0.18 4.89 34 4 5328
6.11 0.18 4.88 34 4 5329
6.11 0.18 4.88 34 4 5330
6.11 0.18 4.87 34 4 5331
6.11 0.18 4.86 34 4 5332
6.11 0.18 4.85 34 4 5333
6.11 0.18 4.85 34 4 5334
6.11 0.18 4.84 34 4 5335
6.11 0.18 4.83 34 4 5336
6.11 0.18 4.82 34 4 5337
6.12 0.18 4.82 34 4 5338
6.12 0.18 4.81 34 4 5339
6.12 0.17 4.8 34 4 5340
6.12 0.17 4.79 34 4 5341
6.12 0.17 4.78 34 4 5342
6.12 0.17 4.77 34 4 5343
6.12 0.17 4.76 34 4 5344
6.12 0.17 4.76 34 4 5345
6.12 0.17 4.75 34 4 5346
6.12 0.17 4.74 34 5 5347
6.12 0.17 4.73 34 5 5348
6.12 0.17 4.73 34 5 5349
6.12 0.17 4.72 34 5 5350
6.12 0.16 4.71 34 5 5351
6.12 0.16 4.7 34 5 5352
6.12 0.16 4.69 34 5 5353
6.12 0.16 4.68 34 5 5354
6.12 0.16 4.68 34 5 5355
6.12 0.16 4.67 34 5 5356
6.12 0.16 4.66 34 5 5357
6.12 0.16 4.65 34 5 5358
6.12 0.16 4.65 34 5 5359
6.12 0.16 4.64 34 5 5360
6.12 0.16 4.63 34 5 5361
6.12 0.15 4.62 34 5 5362
6.12 0.15 4.61 34 5 5363
6.12 0.15 4.61 34 5 5364
6.12 0.15 4.6 34 5 5365
6.12 0.15 4.59 34 5 5366
6.12 0.15 4.59 34 5 5367
6.13 0.15 4.58 34 5 5368
6.13 0.15 4.57 34 5 5369
6.13 0.15 4.56 34 5 5370
6.13 0.15 4.55 34 5 5371
6.13 0.15 4.54 34 5 5372
6.13 0.15 4.53 34 5 5373
6.13 0.15 4.53 34 5 5374
6.13 0.14 4.52 34 5 5375
6.13 0.14 4.51 34 5 5376
6.13 0.14 4.5 34 6 5377
6.13 0.14 4.49 34 6 5378
6.13 0.14 4.48 34 6 5379
6.13 0.14 4.47 34 6 5380
6.13 0.14 4.46 34 6 5381
6.13 0.15 4.45 34 6 5382
6.13 0.15 4.45 34 6 5383
6.13 0.15 4.44 34 6 5384
6.13 0.15 4.43 34 6 5385
6.13 0.15 4.42 34 6 5386
6.13 0.15 4.41 34 6 5387
6.13 0.15 4.4 34 6 5388
6.13 0.14 4.39 34 6 5389
6.14 0.14 4.38 34 6 5390
6.14 0.14 4.37 34 6 5391
6.14 0.14 4.36 34 6 5392
6.14 0.14 4.35 34 6 5393
6.14 0.14 4.35 34 6 5394
6.14 0.14 4.34 34 6 5395
6.14 0.14 4.33 34 6 5396
6.14 0.14 4.32 34 6 5397
6.14 0.14 4.32 34 6 5398
6.14 0.14 4.31 34 6 5399
6.14 0.14 4.3 34 6 5400
6.14 0.14 4.3 34 6 5401
6.14 0.14 4.29 34 6 5402
6.14 0.14 4.28 34 6 5403
6.14 0.14 4.28 34 6 5404
6.14 0.14 4.27 34 6 5405
6.14 0.14 4.26 34 6 5406
6.14 0.14 4.25 34 7 5407
6.14 0.14 4.24 34 7 5408
6.14 0.14 4.23 34 7 5409
6.15 0.14 4.23 34 7 5410
6.15 0.14 4.22 34 7 5411
6.15 0.14 4.21 34 7 5412
6.15 0.14 4.2 34 7 5413
6.15 0.14 4.19 34 7 5414
6.15 0.14 4.18 34 7 5415
6.15 0.14 4.17 34 7 5416
6.15 0.14 4.16 34 7 5417
6.15 0.13 4.15 34 7 5418
6.15 0.13 4.14 34 7 5419
6.15 0.13 4.13 34 7 5420
6.15 0.13 4.12 34 7 5421
6.15 0.13 4.11 34 7 5422
6.15 0.13 4.1 34 7 5423
6.16 0.13 4.09 34 7 5424
6.16 0.13 4.08 34 7 5425
6.16 0.13 4.07 34 7 5426
6.16 0.13 4.06 34 7 5427
6.16 0.12 4.05 34 7 5428
6.16 0.12 4.04 34 7 5429
6.16 0.12 4.03 34 7 5430
6.16 0.12 4.02 34 7 5431
6.16 0.12 4.01 34 7 5432
6.16 0.12 4 34 7 5433
6.16 0.12 3.99 34 7 5434
6.16 0.12 3.98 34 7 5435
6.16 0.11 3.97 34 7 5436
6.16 0.11 3.96 34 8 5437
6.16 0.11 3.95 34 8 5438
6.16 0.11 3.95 34 8 5439
6.16 0.11 3.94 34 8 5440
6.16 0.11 3.93 34 8 5441
6.16 0.1 3.92 34 8 5442
6.16 0.1 3.91 34 8 5443
6.16 0.1 3.9 34 8 5444
6.16 0.1 3.89 34 8 5445
6.16 0.1 3.88 34 8 5446
6.16 0.1 3.87 34 8 5447
6.17 0.09 3.86 34 8 5448
6.17 0.09 3.85 34 8 5449
6.17 0.09 3.84 34 8 5450
6.17 0.09 3.83 34 8 5451
6.17 0.09 3.82 34 8 5452
6.17 0.09 3.81 34 8 5453
6.17 0.09 3.8 34 8 5454
6.17 0.09 3.79 34 8 5455
6.17 0.09 3.78 34 8 5456
6.17 0.08 3.77 34 8 5457
6.17 0.08 3.77 34 8 5458
6.17 0.08 3.75 34 8 5459
6.17 0.08 3.74 34 8 5460
6.17 0.08 3.73 34 8 5461
6.17 0.08 3.72 34 8 5462
6.17 0.08 3.71 34 8 5463
6.17 0.08 3.7 34 8 5464
6.17 0.08 3.69 34 8 5465
6.18 0.08 3.68 34 8 5466
6.18 0.08 3.67 34 9 5467
6.18 0.08 3.66 34 9 5468
6.18 0.08 3.65 34 9 5469
6.18 0.08 3.65 34 9 5470
6.18 0.08 3.63 34 9 5471
6.18 0.08 3.62 34 9 5472
6.18 0.08 3.61 34 9 5473
6.18 0.08 3.6 34 9 5474
6.18 0.09 3.59 34 9 5475
6.18 0.09 3.58 34 9 5476
6.18 0.09 3.57 34 9 5477
6.19 0.09 3.56 34 9 5478
6.19 0.09 3.56 34 9 5479
6.19 0.09 3.55 34 9 5480
6.19 0.09 3.54 34 9 5481
6.19 0.09 3.53 34 9 5482
6.19 0.09 3.52 34 9 5483
6.19 0.09 3.51 34 9 5484
6.19 0.09 3.5 34 9 5485
6.19 0.09 3.49 34 9 5486
6.19 0.09 3.48 34 9 5487
6.19 0.09 3.47 34 9 5488
6.19 0.09 3.46 34 9 5489
6.19 0.09 3.45 34 9 5490
6.19 0.09 3.44 34 9 5491
6.19 0.09 3.43 34 9 5492
6.19 0.09 3.41 34 9 5493
6.19 0.09 3.41 34 9 5494
6.19 0.09 3.39 34 9 5495
6.19 0.09 3.39 34 9 5496
6.19 0.09 3.38 34 10 5497
6.19 0.09 3.37 34 10 5498
6.19 0.09 3.36 34 10 5499
6.19 0.09 3.35 34 10 5500
6.19 0.09 3.34 34 10 5501
6.19 0.09 3.33 34 10 5502
6.19 0.09 3.32 34 10 5503
6.19 0.09 3.31 34 10 5504
6.19 0.09 3.3 34 10 5505
6.19 0.09 3.29 34 10 5506
6.19 0.09 3.27 34 10 5507
6.19 0.09 3.27 34 10 5508
6.19 0.09 3.26 34 10 5509
6.19 0.09 3.25 34 10 5510
6.19 0.09 3.24 34 10 5511
6.19 0.09 3.23 34 10 5512
6.19 0.09 3.22 34 10 5513
6.19 0.09 3.21 34 10 5514
6.18 0.09 3.2 34 10 5515
6.18 0.09 3.19 34 10 5516
6.18 0.09 3.18 34 10 5517
6.18 0.09 3.17 34 10 5518
6.18 0.09 3.16 34 10 5519
6.18 0.09 3.15 34 10 5520
6.18 0.09 3.14 34 10 5521
6.18 0.09 3.13 34 10 5522
6.18 0.09 3.12 34 10 5523
6.18 0.09 3.11 34 10 5524
6.18 0.09 3.1 34 10 5525
6.18 0.09 3.09 34 10 5526
6.18 0.09 3.08 34 11 5527
6.18 0.09 3.07 34 11 5528
6.18 0.09 3.06 34 11 5529
6.18 0.09 3.05 34 11 5530
6.19 0.09 3.04 34 11 5531
6.19 0.09 3.03 34 11 5532
6.19 0.09 3.02 34 11 5533
6.19 0.09 3.01 34 11 5534
6.19 0.09 3 34 11 5535
6.19 0.09 2.99 34 11 5536
6.19 0.09 2.98 34 11 5537
6.19 0.09 2.97 34 11 5538
6.19 0.08 2.96 34 11 5539
6.19 0.08 2.95 34 11 5540
6.19 0.08 2.94 34 11 5541
6.19 0.08 2.93 34 11 5542
6.19 0.08 2.92 34 11 5543
6.19 0.08 2.91 34 11 5544
6.19 0.08 2.9 34 11 5545
6.19 0.08 2.89 34 11 5546
6.19 0.08 2.89 34 11 5547
6.19 0.08 2.88 34 11 5548
6.19 0.08 2.87 34 11 5549
6.19 0.08 2.87 34 11 5550
6.19 0.08 2.86 34 11 5551
6.19 0.07 2.86 34 11 5552
6.19 0.07 2.85 34 11 5553
6.19 0.07 2.84 34 11 5554
6.19 0.07 2.84 34 11 5555
6.19 0.07 2.83 34 11 5556
6.19 0.07 2.82 34 12 5557
6.19 0.07 2.82 34 12 5558
6.19 0.07 2.81 34 12 5559
6.19 0.07 2.81 34 12 5560
6.19 0.07 2.8 34 12 5561
6.19 0.07 2.79 34 12 5562
6.19 0.07 2.79 34 12 5563
6.19 0.07 2.78 34 12 5564
6.19 0.07 2.78 34 12 5565
6.19 0.07 2.77 34 12 5566
6.19 0.07 2.77 34 12 5567
6.19 0.07 2.76 34 12 5568
6.19 0.07 2.76 34 12 5569
6.19 0.07 2.75 34 12 5570
6.19 0.07 2.75 34 12 5571
6.19 0.07 2.74 34 12 5572
6.19 0.07 2.74 34 12 5573
6.2 0.07 2.73 34 12 5574
6.2 0.07 2.73 34 12 5575
6.2 0.07 2.73 34 12 5576
6.2 0.07 2.72 34 12 5577
6.2 0.07 2.72 34 12 5578
6.2 0.07 2.71 34 12 5579
6.2 0.07 2.71 34 12 5580
6.2 0.07 2.71 34 12 5581
6.2 0.07 2.7 34 12 5582
6.2 0.07 2.7 34 12 5583
6.2 0.07 2.69 34 12 5584
6.2 0.07 2.69 34 12 5585
6.2 0.07 2.69 34 12 5586
6.2 0.07 2.68 34 13 5587
6.2 0.07 2.68 34 13 5588
6.2 0.07 2.67 34 13 5589
6.2 0.07 2.67 34 13 5590
6.21 0.07 2.67 34 13 5591
6.21 0.07 2.66 34 13 5592
6.21 0.07 2.66 34 13 5593
6.21 0.07 2.66 34 13 5594
6.21 0.07 2.65 34 13 5595
6.21 0.07 2.65 34 13 5596
6.21 0.07 2.65 34 13 5597
6.21 0.06 2.64 34 13 5598
6.21 0.06 2.64 34 13 5599
6.21 0.06 2.63 34 13 5600
6.21 0.06 2.63 34 13 5601
6.21 0.06 2.63 34 13 5602
6.21 0.06 2.62 34 13 5603
6.21 0.06 2.62 34 13 5604
6.21 0.06 2.61 34 13 5605
6.21 0.06 2.61 34 13 5606
6.21 0.06 2.6 34 13 5607
6.21 0.06 2.6 34 13 5608
6.21 0.06 2.59 34 13 5609
6.21 0.06 2.59 34 13 5610
6.21 0.06 2.58 34 13 5611
6.21 0.06 2.58 34 13 5612
6.21 0.06 2.57 34 13 5613
6.21 0.06 2.57 34 13 5614
6.21 0.05 2.56 34 13 5615
6.21 0.05 2.55 34 13 5616
6.21 0.05 2.55 34 14 5617
6.21 0.05 2.54 34 14 5618
6.2 0.05 2.54 34 14 5619
6.2 0.05 2.53 34 14 5620
6.2 0.05 2.53 34 14 5621
6.21 0.05 2.52 34 14 5622
6.21 0.05 2.52 34 14 5623
6.21 0.05 2.51 34 14 5624
6.21 0.05 2.51 34 14 5625
6.21 0.05 2.5 34 14 5626
6.21 0.05 2.49 34 14 5627
6.21 0.05 2.49 34 14 5628
6.21 0.05 2.48 34 14 5629
6.21 0.05 2.48 34 14 5630
6.21 0.05 2.47 34 14 5631
6.21 0.05 2.47 34 14 5632
6.21 0.05 2.46 34 14 5633
6.21 0.05 2.45 34 14 5634
6.21 0.05 2.45 34 14 5635
6.21 0.04 2.44 34 14 5636
6.21 0.04 2.43 34 14 5637
6.21 0.04 2.43 34 14 5638
6.21 0.04 2.42 34 14 5639
6.21 0.04 2.41 34 14 5640
6.21 0.04 2.41 34 14 5641
6.21 0.04 2.4 34 14 5642
6.21 0.04 2.4 34 14 5643
6.21 0.04 2.39 34 14 5644
6.21 0.04 2.38 34 14 5645
6.21 0.04 2.38 34 14 5646
6.21 0.04 2.37 34 15 5647
6.21 0.04 2.36 34 15 5648
6.21 0.04 2.35 34 15 5649
6.21 0.04 2.35 34 15 5650
6.21 0.04 2.34 34 15 5651
6.22 0.04 2.33 34 15 5652
6.22 0.04 2.33 34 15 5653
6.22 0.04 2.32 34 15 5654
6.22 0.04 2.31 34 15 5655
6.22 0.04 2.31 34 15 5656
6.22 0.04 2.3 34 15 5657
6.22 0.04 2.29 34 15 5658
6.22 0.04 2.28 34 15 5659
6.22 0.04 2.28 34 15 5660
6.23 0.04 2.27 34 15 5661
6.23 0.04 2.26 34 15 5662
6.23 0.04 2.25 34 15 5663
6.23 0.04 2.25 34 15 5664
6.23 0.04 2.24 34 15 5665
6.23 0.04 2.23 34 15 5666
6.23 0.04 2.23 34 15 5667
6.23 0.04 2.22 34 15 5668
6.23 0.04 2.21 34 15 5669
6.23 0.04 2.21 34 15 5670
6.23 0.04 2.2 34 15 5671
6.23 0.04 2.19 34 15 5672
6.23 0.04 2.19 34 15 5673
6.23 0.04 2.18 34 15 5674
6.23 0.04 2.17 34 15 5675
6.23 0.04 2.17 34 15 5676
6.23 0.04 2.16 34 16 5677
6.23 0.04 2.15 34 16 5678
6.23 0.04 2.14 34 16 5679
6.23 0.04 2.13 34 16 5680
6.23 0.04 2.13 34 16 5681
6.23 0.04 2.12 34 16 5682
6.24 0.04 2.11 34 16 5683
6.24 0.04 2.11 34 16 5684
6.24 0.04 2.1 34 16 5685
6.24 0.05 2.09 34 16 5686
6.24 0.05 2.08 34 16 5687
6.24 0.05 2.07 34 16 5688
6.24 0.05 2.07 34 16 5689
6.24 0.05 2.06 34 16 5690
6.24 0.05 2.05 34 16 5691
6.24 0.05 2.04 34 16 5692
6.24 0.05 2.03 34 16 5693
6.24 0.05 2.02 34 16 5694
6.24 0.05 2.02 34 16 5695
6.24 0.05 2.01 34 16 5696
6.24 0.05 2 34 16 5697
6.24 0.05 1.99 34 16 5698
6.24 0.05 1.98 34 16 5699
6.24 0.05 1.98 34 16 5700
6.24 0.05 1.97 34 16 5701
6.24 0.05 1.96 34 16 5702
6.24 0.05 1.95 34 16 5703
6.24 0.05 1.94 34 16 5704
6.25 0.05 1.93 34 16 5705
6.25 0.05 1.93 34 16 5706
6.25 0.05 1.92 34 17 5707
6.25 0.05 1.91 34 17 5708
6.25 0.05 1.9 34 17 5709
6.25 0.05 1.89 34 17 5710
6.25 0.05 1.88 34 17 5711
6.25 0.05 1.88 34 17 5712
6.25 0.05 1.87 34 17 5713
6.25 0.05 1.86 34 17 5714
6.25 0.05 1.85 34 17 5715
6.25 0.05 1.84 34 17 5716
6.25 0.05 1.83 34 17 5717
6.26 0.05 1.83 34 17 5718
6.26 0.05 1.82 34 17 5719
6.26 0.05 1.81 34 17 5720
6.26 0.05 1.8 34 17 5721
6.26 0.05 1.79 34 17 5722
6.26 0.05 1.78 34 17 5723
6.26 0.05 1.78 34 17 5724
6.26 0.05 1.77 34 17 5725
6.26 0.05 1.76 34 17 5726
6.26 0.05 1.75 34 17 5727
6.26 0.05 1.75 34 17 5728
6.26 0.05 1.74 34 17 5729
6.26 0.05 1.73 34 17 5730
6.26 0.05 1.72 34 17 5731
6.26 0.05 1.72 34 17 5732
6.26 0.05 1.71 34 17 5733
6.26 0.05 1.7 34 17 5734
6.26 0.05 1.69 34 17 5735
6.26 0.05 1.69 34 17 5736
6.26 0.05 1.68 34 18 5737
6.26 0.04 1.67 34 18 5738
6.26 0.04 1.66 34 18 5739
6.26 0.04 1.65 34 18 5740
6.26 0.04 1.64 34 18 5741
6.26 0.04 1.63 34 18 5742
6.26 0.04 1.62 34 18 5743
6.26 0.04 1.61 34 18 5744
6.26 0.04 1.61 34 18 5745
6.26 0.04 1.6 34 18 5746
6.26 0.04 1.59 34 18 5747
6.26 0.04 1.58 34 18 5748
6.26 0.04 1.57 34 18 5749
6.26 0.04 1.56 34 18 5750
6.26 0.04 1.55 34 18 5751
6.26 0.04 1.54 34 18 5752
6.26 0.04 1.53 34 18 5753
6.26 0.04 1.52 34 18 5754
6.26 0.04 1.51 34 18 5755
6.26 0.04 1.51 34 18 5756
6.26 0.04 1.5 34 18 5757
6.26 0.04 1.49 34 18 5758
6.26 0.04 1.48 34 18 5759
6.26 0.04 1.47 34 18 5760
6.26 0.04 1.46 34 18 5761
6.26 0.04 1.46 34 18 5762
6.26 0.04 1.45 34 18 5763
6.26 0.04 1.44 34 18 5764
6.26 0.04 1.43 34 18 5765
6.26 0.04 1.42 34 18 5766
6.26 0.04 1.41 34 19 5767
6.26 0.04 1.4 34 19 5768
6.27 0.04 1.4 34 19 5769
6.27 0.04 1.39 34 19 5770
6.27 0.04 1.38 34 19 5771
6.27 0.04 1.37 34 19 5772
6.27 0.04 1.36 34 19 5773
6.27 0.04 1.36 34 19 5774
6.26 0.04 1.35 34 19 5775
6.26 0.04 1.34 34 19 5776
6.26 0.04 1.33 34 19 5777
6.27 0.04 1.32 34 19 5778
6.27 0.04 1.32 34 19 5779
6.27 0.03 1.31 34 19 5780
6.27 0.03 1.3 34 19 5781
6.27 0.03 1.3 34 19 5782
6.27 0.03 1.29 34 19 5783
6.27 0.03 1.28 34 19 5784
6.27 0.03 1.28 34 19 5785
6.28 0.03 1.27 34 19 5786
6.28 0.03 1.26 34 19 5787
6.28 0.03 1.26 34 19 5788
6.28 0.03 1.25 34 19 5789
6.28 0.03 1.24 34 19 5790
6.28 0.03 1.24 34 19 5791
6.28 0.03 1.23 34 19 5792
6.28 0.03 1.22 34 19 5793
6.28 0.03 1.22 34 19 5794
6.28 0.03 1.21 34 19 5795
6.28 0.03 1.2 34 19 5796
6.28 0.03 1.19 34 20 5797
6.28 0.03 1.19 34 20 5798
6.28 0.03 1.18 34 20 5799
6.28 0.03 1.17 34 20 5800
6.28 0.03 1.17 34 20 5801
6.28 0.03 1.16 34 20 5802
6.28 0.03 1.15 34 20 5803
6.28 0.03 1.14 34 20 5804
6.28 0.03 1.14 34 20 5805
6.28 0.03 1.13 34 20 5806
6.28 0.03 1.12 34 20 5807
6.28 0.03 1.11 34 20 5808
6.28 0.03 1.11 34 20 5809
6.28 0.03 1.1 34 20 5810
6.28 0.03 1.1 34 20 5811
6.28 0.03 1.09 34 20 5812
6.28 0.02 1.08 34 20 5813
6.28 0.02 1.07 34 20 5814
6.28 0.02 1.07 34 20 5815
6.28 0.02 1.06 34 20 5816
6.28 0.02 1.05 34 20 5817
6.28 0.02 1.05 34 20 5818
6.27 0.02 1.04 34 20 5819
6.27 0.02 1.03 34 20 5820
6.27 0.02 1.03 34 20 5821
6.27 0.02 1.02 34 20 5822
6.27 0.02 1.01 34 20 5823
6.27 0.02 1 34 20 5824
6.27 0.02 1 34 20 5825
6.27 0.02 0.99 34 20 5826
6.27 0.02 0.98 34 21 5827
6.27 0.02 0.97 34 21 5828
6.27 0.02 0.97 34 21 5829
6.27 0.02 0.96 34 21 5830
6.27 0.02 0.95 34 21 5831
6.27 0.02 0.95 34 21 5832
6.27 0.02 0.94 34 21 5833
6.27 0.02 0.93 34 21 5834
6.27 0.02 0.93 34 21 5835
6.27 0.02 0.92 34 21 5836
6.27 0.02 0.91 34 21 5837
6.27 0.02 0.9 34 21 5838
6.27 0.02 0.9 34 21 5839
6.27 0.02 0.89 34 21 5840
6.27 0.02 0.88 34 21 5841
6.27 0.02 0.88 34 21 5842
6.27 0.02 0.87 34 21 5843
6.27 0.02 0.86 34 21 5844
6.27 0.02 0.86 34 21 5845
6.27 0.02 0.85 34 21 5846
6.26 0.02 0.84 34 21 5847
6.26 0.02 0.84 34 21 5848
6.26 0.02 0.83 34 21 5849
6.26 0.02 0.82 34 21 5850
6.26 0.02 0.82 34 21 5851
6.26 0.02 0.81 34 21 5852
6.26 0.02 0.81 34 21 5853
6.26 0.02 0.8 34 21 5854
6.26 0.02 0.79 34 21 5855
6.26 0.02 0.78 34 21 5856
6.26 0.02 0.78 34 22 5857
6.26 0.02 0.77 34 22 5858
6.26 0.02 0.77 34 22 5859
6.26 0.02 0.76 34 22 5860
6.26 0.02 0.75 34 22 5861
6.26 0.02 0.75 34 22 5862
6.26 0.02 0.74 34 22 5863
6.26 0.02 0.74 34 22 5864
6.26 0.02 0.73 34 22 5865
6.26 0.02 0.73 34 22 5866
6.26 0.02 0.72 34 22 5867
6.26 0.02 0.72 34 22 5868
6.26 0.02 0.71 34 22 5869
6.26 0.02 0.71 34 22 5870
6.26 0.02 0.7 34 22 5871
6.26 0.02 0.69 34 22 5872
6.26 0.02 0.69 34 22 5873
6.26 0.02 0.68 34 22 5874
6.26 0.02 0.68 34 22 5875
6.26 0.01 0.67 34 22 5876
6.26 0.01 0.67 34 22 5877
6.26 0.01 0.66 34 22 5878
6.27 0.01 0.66 34 22 5879
6.27 0.01 0.65 34 22 5880
6.27 0.01 0.65 34 22 5881
6.27 0.01 0.64 34 22 5882
6.27 0.01 0.64 34 22 5883
6.27 0.01 0.64 34 22 5884
6.27 0.01 0.63 34 22 5885
6.27 0.01 0.62 34 22 5886
6.27 0.01 0.62 34 23 5887
6.27 0.01 0.62 34 23 5888
6.27 0.01 0.61 34 23 5889
6.27 0.01 0.61 34 23 5890
6.27 0.01 0.6 34 23 5891
6.27 0.01 0.6 34 23 5892
6.27 0.01 0.59 34 23 5893
6.27 0.01 0.59 34 23 5894
6.27 0.01 0.58 34 23 5895
6.27 0 0.58 34 23 5896
6.27 0 0.57 34 23 5897
6.27 0.01 0.57 34 23 5898
6.27 0.01 0.56 34 23 5899
6.27 0.01 0.55 34 23 5900
6.27 0.01 0.55 34 23 5901
6.28 0.01 0.54 34 23 5902
6.28 0.01 0.54 34 23 5903
6.28 0.01 0.53 34 23 5904
6.28 0.01 0.53 34 23 5905
6.28 0.01 0.52 34 23 5906
6.28 0.01 0.52 34 23 5907
6.28 0.01 0.51 34 23 5908
6.28 0.01 0.5 34 23 5909
6.28 0.01 0.5 34 23 5910
6.28 0.01 0.49 34 23 5911
6.28 0.01 0.49 34 23 5912
6.28 0.01 0.48 34 23 5913
6.28 0.01 0.48 34 23 5914
6.29 0.01 0.47 34 23 5915
6.29 0.01 0.47 34 23 5916
6.29 0.01 0.46 34 24 5917
6.29 0.01 0.46 34 24 5918
6.29 0.01 0.45 34 24 5919
6.29 0.01 0.45 34 24 5920
6.29 0.01 0.44 34 24 5921
6.29 0.01 0.43 34 24 5922
6.29 0.01 0.43 34 24 5923
6.29 0.01 0.42 34 24 5924
6.29 0.01 0.42 34 24 5925
6.29 0.01 0.41 34 24 5926
6.29 0.01 0.41 34 24 5927
6.29 0.01 0.4 34 24 5928
6.29 0.01 0.4 34 24 5929
6.29 0.01 0.39 34 24 5930
6.28 0.01 0.39 34 24 5931
6.28 0.01 0.38 34 24 5932
6.28 0.01 0.38 34 24 5933
6.28 0.01 0.37 34 24 5934
6.28 0.01 0.37 34 24 5935
6.28 0.01 0.36 34 24 5936
6.28 0.01 0.36 34 24 5937
6.28 0.01 0.35 34 24 5938
6.28 0.01 0.35 34 24 5939
6.28 0.01 0.34 34 24 5940
6.28 0.01 0.34 34 24 5941
6.28 0.01 0.33 34 24 5942
6.29 0 0.33 34 24 5943
6.29 0 0.32 34 24 5944
6.28 0 0.32 34 24 5945
6.28 0.01 0.31 34 24 5946
6.28 0.01 0.31 34 25 5947
6.28 0.01 0.3 34 25 5948
6.28 0.01 0.3 34 25 5949
6.28 0.01 0.29 34 25 5950
6.28 0.01 0.29 34 25 5951
6.28 0.01 0.28 34 25 5952
6.28 0.01 0.27 34 25 5953
6.28 0.01 0.25 34 25 5954
6.28 0.01 0.23 34 25 5955
6.28 0.01 0.21 34 25 5956
6.28 0.01 0.18 34 25 5957
6.28 0.01 0.15 34 25 5958
6.28 0.01 0.12 34 25 5959
6.28 0.01 0.09 34 25 5960
6.28 0.01 0.05 34 25 5961
6.28 0.01 0.02 34 25 5962
6.28 0.01 0.03 34 25 5963
6.28 0.01 0.03 34 25 5964
6.28 0.01 0.03 34 25 5965
6.28 0.02 0.04 34 25 5966
6.28 0.02 0.04 34 25 5967
6.28 0.02 0.05 34 25 5968
6.28 0.02 0.05 34 25 5969
6.28 0.02 0.05 34 25 5970
6.28 0.02 0.06 34 25 5971
6.28 0.02 0.06 34 25 5972
6.28 0.02 0.06 34 25 5973
6.28 0.02 0.06 34 25 5974
6.28 0.02 0.07 34 25 5975
6.28 0.02 0.07 34 25 5976
6.28 0.02 0.07 34 26 5977
6.28 0.02 0.07 34 26 5978
6.28 0.02 0.07 34 26 5979
6.28 0.02 0.07 34 26 5980
6.28 0.02 0.07 34 26 5981
6.28 0.02 0.08 34 26 5982
6.28 0.03 0.08 34 26 5983
6.28 0.03 0.08 34 26 5984
6.28 0.03 0.08 34 26 5985
6.28 0.03 0.08 34 26 5986
6.28 0.03 0.08 34 26 5987
6.28 0.03 0.08 34 26 5988
6.28 0.03 0.08 34 26 5989
6.28 0.03 0.08 34 26 5990
6.28 0.03 0.08 34 26 5991
6.28 0.03 0.08 34 26 5992
6.28 0.03 0.08 34 26 5993
6.28 0.03 0.08 34 26 5994
6.28 0.03 0.08 34 26 5995
6.28 0.03 0.09 34 26 5996
6.28 0.03 0.09 34 26 5997
